0.247,0.0,0.0,91.6,0.03
0.501,0.0,0.0,95.1,0.018
1.003,0.0,0.0,98.4,0.055
1.989,0.0,0.0,83.4,0.063
3.915,0.0,0.0,86.8,0.091
8.045,0.0,0.0,90.2,0.194
16.892,0.0,0.0,93.6,0.276
33.278,0.0,0.0,97.0,0.599
0.247,0.0,0.0,96.0,0.021
0.501,0.0,0.0,98.6,0.035
1.003,0.0,0.0,60.3,0.088
1.989,0.0,0.0,62.3,0.077
3.915,0.0,0.0,64.4,0.117
8.045,0.0,0.0,66.5,0.185
16.892,0.0,0.0,68.5,0.274
33.278,0.0,0.0,70.6,0.569
0.247,0.0,0.0,72.7,0.03
0.501,0.0,0.0,74.7,0.033
1.003,0.0,0.0,76.8,0.047
1.989,0.0,0.0,78.8,0.052
3.915,0.0,0.0,80.9,0.111
8.045,0.0,0.0,82.9,0.169
16.892,14.3,0.0,85.0,0.296
33.278,0.0,0.0,87.1,0.563
0.247,4.8,0.0,89.1,0.014
0.501,0.0,0.0,91.2,0.022
1.003,0.0,0.0,93.2,0.039
1.989,15.0,0.0,95.3,0.087
3.915,0.0,0.0,97.4,0.113
8.045,0.0,0.0,88.7,0.167
16.892,10.5,0.0,90.7,0.305
33.278,5.0,0.0,92.7,0.557
0.247,0.0,0.0,94.7,0.016
0.501,0.0,0.0,96.8,0.028
1.003,0.0,0.0,98.8,0.057
1.989,10.0,0.0,98.0,0.052
3.915,0.0,0.0,60.1,0.105
8.045,0.0,0.0,61.3,0.17
16.892,4.8,0.0,62.6,0.28
33.278,0.0,0.0,63.8,0.626
0.247,0.0,0.0,65.0,0.012
0.501,0.0,0.0,66.3,0.026
1.003,0.0,0.0,67.5,0.037
1.989,0.0,0.0,68.8,0.048
3.915,4.8,0.0,70.0,0.092
8.045,0.0,0.0,71.3,0.137
16.892,0.0,0.0,72.5,0.296
33.278,0.0,0.0,73.8,0.552
0.247,0.0,0.0,75.0,0.03
0.501,0.0,0.0,76.3,0.024
1.003,0.0,0.0,77.6,0.059
1.989,4.8,0.0,78.8,0.043
3.915,15.0,0.0,80.0,0.096
8.045,0.0,0.0,81.3,0.171
16.892,0.0,0.0,82.5,0.348
33.278,0.0,0.0,83.8,0.547
0.247,15.0,0.0,85.1,0.016
0.501,4.8,0.0,86.3,0.035
1.003,0.0,0.0,87.6,0.044
1.989,0.0,0.0,88.8,0.068
3.915,15.0,0.0,90.1,0.11
8.045,0.0,0.0,91.3,0.166
16.892,0.0,0.0,92.6,0.304
33.278,0.0,0.0,93.8,0.547
0.247,5.0,0.0,95.1,0.011
0.501,0.0,0.0,96.3,0.027
1.003,52.6,0.0,97.6,0.066
1.989,0.0,0.0,98.9,0.074
3.915,0.0,0.0,89.4,0.113
8.045,4.8,0.0,90.6,0.167
16.892,0.0,0.0,91.9,0.297
33.278,0.0,0.0,93.1,0.548
0.247,0.0,0.0,94.4,0.011
0.501,0.0,0.0,95.6,0.014
1.003,0.0,0.0,96.8,0.036
1.989,0.0,0.0,98.1,0.082
3.915,0.0,0.0,99.3,0.113
8.045,0.0,0.0,97.6,0.172
16.892,0.0,0.0,98.9,0.304
33.278,15.0,0.0,99.5,0.535
0.247,0.0,0.0,67.7,0.014
0.501,15.0,0.0,68.5,0.023
1.003,0.0,0.0,69.3,0.05
1.989,0.0,0.0,70.2,0.072
3.915,0.0,0.0,71.0,0.087
8.045,15.0,0.0,71.8,0.175
16.892,0.0,0.0,72.7,0.301
33.278,0.0,0.0,73.5,0.527
0.247,4.8,0.0,74.3,0.028
0.501,0.0,0.0,75.2,0.024
1.003,0.0,0.0,76.0,0.053
1.989,0.0,0.0,76.9,0.072
3.915,0.0,0.0,77.7,0.095
8.045,0.0,0.0,78.5,0.182
16.892,0.0,0.0,79.4,0.293
33.278,0.0,0.0,80.2,0.551
0.247,0.0,0.0,81.1,0.021
0.501,0.0,0.0,81.9,0.023
1.003,15.8,0.0,82.8,0.06
1.989,0.0,0.0,83.6,0.083
3.915,0.0,0.0,84.5,0.106
8.045,0.0,0.0,85.3,0.173
16.892,0.0,0.0,86.2,0.281
33.278,4.8,0.0,87.0,0.547
0.247,0.0,0.0,87.9,0.024
0.501,0.0,0.0,88.7,0.032
1.003,9.5,0.0,89.5,0.034
1.989,0.0,0.0,90.4,0.069
3.915,0.0,0.0,91.2,0.092
8.045,4.8,0.0,92.1,0.164
16.892,0.0,1.23,92.9,0.307
33.278,0.0,0.0,93.8,0.547
0.247,0.0,0.0,94.6,0.013
0.501,0.0,0.0,95.5,0.023
1.003,0.0,0.0,96.3,0.031
1.989,0.0,0.0,97.2,0.072
3.915,4.8,0.0,98.0,0.109
8.045,0.0,0.0,98.9,0.168
16.892,10.0,0.0,99.7,0.289
33.278,0.0,0.0,91.7,0.563
0.247,4.8,0.0,92.5,0.014
0.501,0.0,0.0,93.3,0.023
1.003,0.0,0.0,94.2,0.038
1.989,15.0,0.0,95.0,0.067
3.915,0.0,0.0,95.8,0.109
8.045,0.0,0.0,96.7,0.166
16.892,0.0,0.0,97.5,0.26
33.278,0.0,0.0,98.3,0.598
0.247,0.0,0.0,99.2,0.029
0.501,0.0,0.0,97.9,0.033
1.003,0.0,0.0,98.7,0.054
1.989,0.0,0.0,99.5,0.076
3.915,65.0,0.0,99.7,0.119
8.045,0.0,0.0,75.6,0.178
16.892,0.0,0.0,76.3,0.272
33.278,4.8,0.0,76.9,0.602
0.247,0.0,0.0,77.5,0.021
0.501,0.0,0.0,78.2,0.037
1.003,0.0,0.0,78.8,0.048
1.989,0.0,0.0,79.4,0.072
3.915,0.0,0.0,80.1,0.092
8.045,0.0,0.0,80.7,0.139
16.892,0.0,0.0,81.3,0.295
33.278,0.0,0.0,82.0,0.53
0.247,15.0,0.0,82.6,0.011
0.501,0.0,0.0,83.2,0.03
1.003,0.0,0.0,83.8,0.068
1.989,0.0,0.0,84.5,0.071
3.915,15.0,0.0,85.1,0.079
8.045,0.0,0.0,85.7,0.177
16.892,0.0,0.0,86.4,0.327
33.278,0.0,0.0,87.0,0.546
0.247,10.0,0.0,87.6,0.017
0.501,0.0,0.0,88.3,0.042
1.003,0.0,0.0,88.9,0.055
1.989,0.0,0.0,89.5,0.076
3.915,15.0,0.0,90.2,0.105
8.045,0.0,0.0,90.8,0.175
16.892,0.0,0.0,91.5,0.341
33.278,0.0,0.0,92.1,0.548
0.247,9.5,0.0,92.8,0.016
0.501,0.0,0.0,93.4,0.027
1.003,0.0,0.0,94.0,0.044
1.989,0.0,0.0,94.7,0.055
3.915,0.0,0.0,95.3,0.117
8.045,0.0,0.0,96.0,0.148
16.892,0.0,0.0,96.6,0.311
33.278,0.0,0.0,97.2,0.536
0.247,0.0,0.0,97.9,0.015
0.501,0.0,0.0,98.5,0.028
1.003,0.0,0.0,99.1,0.049
1.989,0.0,0.0,99.8,0.058
3.915,0.0,0.0,93.8,0.088
8.045,0.0,0.0,94.4,0.159
16.892,0.0,0.0,95.0,0.305
33.278,10.5,0.0,95.6,0.54
0.247,0.0,0.0,96.2,0.021
0.501,5.0,0.0,96.9,0.022
1.003,0.0,0.0,97.5,0.053
1.989,0.0,0.0,98.1,0.062
3.915,0.0,0.0,98.8,0.107
8.045,10.5,0.0,99.4,0.177
16.892,0.0,0.0,98.4,0.291
33.278,0.0,0.0,99.0,0.524
0.247,0.0,0.0,99.6,0.016
0.501,0.0,0.0,99.8,0.052
1.003,0.0,0.0,80.4,0.038
1.989,0.0,0.0,80.9,0.076
3.915,0.0,0.0,81.4,0.087
8.045,0.0,0.0,81.9,0.178
16.892,0.0,0.0,82.5,0.327
33.278,0.0,0.0,83.0,0.55
0.247,4.8,0.0,83.5,0.013
0.501,0.0,0.0,84.0,0.034
1.003,15.0,0.0,84.5,0.038
1.989,0.0,0.0,85.0,0.067
3.915,0.0,0.0,85.5,0.11
8.045,4.8,0.0,86.0,0.179
16.892,0.0,0.0,86.5,0.297
33.278,0.0,0.0,87.0,0.585
0.247,0.0,0.0,87.5,0.019
0.501,0.0,0.0,88.0,0.02
1.003,13.6,0.0,88.5,0.041
1.989,0.0,0.0,89.0,0.086
3.915,0.0,0.0,89.5,0.106
8.045,0.0,0.0,90.1,0.15
16.892,0.0,0.0,90.6,0.283
33.278,0.0,0.0,91.1,0.546
0.247,0.0,0.0,91.6,0.018
0.501,0.0,0.0,92.1,0.027
1.003,0.0,0.0,92.6,0.06
1.989,0.0,0.0,93.1,0.065
3.915,0.0,0.0,93.6,0.117
8.045,0.0,0.0,94.1,0.181
16.892,0.0,0.0,94.7,0.29
33.278,0.0,0.0,95.2,0.552
0.247,0.0,0.0,95.7,0.011
0.501,0.0,0.0,96.2,0.029
1.003,0.0,0.0,96.7,0.063
1.989,9.5,0.0,97.2,0.072
3.915,4.8,0.0,97.7,0.094
8.045,0.0,0.0,98.2,0.187
16.892,15.0,0.0,98.8,0.301
33.278,0.0,0.0,99.3,0.573
0.247,0.0,0.0,99.8,0.016
0.501,0.0,0.0,94.9,0.041
1.003,0.0,0.0,95.4,0.04
1.989,19.0,0.0,95.9,0.074
3.915,0.0,0.0,96.4,0.142
8.045,0.0,0.0,96.9,0.167
16.892,15.0,0.0,97.4,0.309
33.278,0.0,0.0,98.0,0.539
0.247,0.0,0.0,98.5,0.01
0.501,0.0,0.0,99.0,0.033
1.003,0.0,0.0,99.5,0.034
1.989,5.0,0.0,98.7,0.074
3.915,0.0,0.0,99.2,0.119
8.045,0.0,0.0,99.7,0.183
16.892,0.0,0.0,99.8,0.278
33.278,0.0,0.0,83.7,0.589
0.247,0.0,0.0,84.1,0.014
0.501,0.0,0.0,84.5,0.028
1.003,0.0,0.0,84.9,0.029
1.989,0.0,0.0,85.3,0.069
3.915,0.0,0.0,85.8,0.11
8.045,0.0,0.0,86.2,0.17
16.892,0.0,0.0,86.6,0.318
33.278,0.0,0.0,87.0,0.561
0.247,4.8,0.0,87.5,0.014
0.501,0.0,0.0,87.9,0.052
1.003,0.0,0.0,88.3,0.058
1.989,0.0,0.0,88.7,0.067
3.915,0.0,0.0,89.2,0.116
8.045,0.0,0.0,89.6,0.178
16.892,0.0,0.0,90.0,0.318
33.278,0.0,0.0,90.4,0.588
0.247,4.8,0.0,90.8,0.026
0.501,0.0,0.0,91.3,0.039
1.003,0.0,0.0,91.7,0.046
1.989,0.0,0.0,92.1,0.047
3.915,0.0,0.0,92.6,0.103
8.045,0.0,0.0,93.0,0.18
16.892,0.0,0.0,93.4,0.289
33.278,0.0,0.0,93.8,0.529
0.247,4.8,0.0,94.3,0.015
0.501,0.0,0.0,94.7,0.017
1.003,0.0,0.0,95.1,0.051
1.989,0.0,0.0,95.5,0.061
3.915,15.0,0.0,96.0,0.113
8.045,0.0,0.0,96.4,0.165
16.892,0.0,0.0,96.8,0.311
33.278,4.8,0.0,97.3,0.541
0.247,15.0,0.0,97.7,0.043
0.501,5.0,0.0,98.1,0.041
1.003,0.0,0.0,98.5,0.04
1.989,0.0,0.0,99.0,0.072
3.915,15.0,0.0,99.4,0.107
8.045,0.0,0.0,99.8,0.181
16.892,0.0,0.0,95.8,0.316
33.278,0.0,0.0,96.2,0.545
0.247,14.3,0.0,96.6,0.014
0.501,0.0,0.0,97.1,0.035
1.003,0.0,0.0,97.5,0.032
1.989,0.0,0.0,97.9,0.071
3.915,0.0,0.0,98.3,0.104
8.045,4.8,0.0,98.8,0.181
16.892,0.0,0.0,99.2,0.327
33.278,0.0,0.0,99.6,0.543
0.247,0.0,0.0,98.9,0.012
0.501,0.0,0.0,99.4,0.025
1.003,0.0,0.0,99.8,0.062
1.989,0.0,0.0,99.9,0.085
3.915,0.0,0.0,86.0,0.108
8.045,0.0,0.0,86.3,0.175
16.892,0.0,0.0,86.7,0.314
33.278,0.0,0.0,87.1,0.526
0.247,0.0,0.0,87.4,0.03
0.501,0.0,0.0,87.8,0.026
1.003,0.0,0.0,88.2,0.051
1.989,0.0,0.0,88.5,0.065
3.915,0.0,0.0,88.9,0.107
8.045,0.0,0.0,89.2,0.204
16.892,0.0,0.0,89.6,0.312
33.278,5.0,0.0,90.0,0.599
0.247,0.0,0.0,90.3,0.013
0.501,0.0,0.0,90.7,0.033
1.003,5.0,0.0,91.1,0.045
1.989,0.0,0.0,91.4,0.07
3.915,0.0,0.0,91.8,0.098
8.045,0.0,0.0,92.1,0.172
16.892,0.0,0.0,92.5,0.286
33.278,10.5,0.0,92.9,0.546
0.247,0.0,0.0,93.2,0.017
0.501,15.0,0.0,93.6,0.024
1.003,0.0,0.0,94.0,0.049
1.989,0.0,0.0,94.3,0.075
3.915,0.0,0.0,94.7,0.125
8.045,0.0,0.0,95.1,0.193
16.892,0.0,0.0,95.4,0.304
33.278,10.5,0.0,95.8,0.537
3.915,0.0,0.0,96.2,0.092
0.247,100.0,0.0,93.1,0.028
0.501,100.0,0.0,93.5,0.034
1.003,89.5,0.0,93.8,0.132
1.989,100.0,0.0,94.2,0.148
3.915,100.0,0.0,94.6,0.228
8.045,84.2,0.0,94.9,0.302
16.892,94.7,0.0,95.3,0.573
33.278,100.0,0.0,95.6,1.165
0.247,90.0,0.0,96.0,0.06
0.501,94.7,0.0,96.4,0.029
1.003,100.0,0.0,96.7,0.082
1.989,95.2,0.0,97.1,0.124
3.915,95.2,0.0,97.5,0.095
8.045,95.0,0.0,97.8,0.193
16.892,95.0,0.0,98.2,0.597
33.278,100.0,0.0,98.6,0.744
0.247,100.0,0.0,98.9,0.018
0.501,89.5,0.0,99.3,0.071
1.003,90.5,0.0,97.9,0.07
1.989,95.0,0.0,98.2,0.074
3.915,94.4,0.0,98.6,0.085
8.045,100.0,0.0,98.9,0.179
16.892,95.5,0.0,99.3,0.398
33.278,100.0,0.0,99.7,0.695
0.247,100.0,0.0,99.5,0.018
0.501,100.0,0.0,99.8,0.039
1.003,100.0,0.0,87.7,0.037
1.989,94.7,0.0,88.0,0.179
3.915,94.7,0.0,88.4,0.318
8.045,95.0,0.0,88.7,0.207
16.892,100.0,0.0,89.0,0.547
33.278,100.0,0.0,89.3,0.995
0.247,100.0,0.0,89.6,0.095
0.501,100.0,0.0,89.9,0.02
1.003,100.0,0.0,90.3,0.099
1.989,100.0,0.0,90.6,0.098
3.915,100.0,0.0,90.9,0.232
8.045,100.0,0.0,91.2,0.34
16.892,94.7,0.0,91.5,0.426
33.278,95.0,0.0,91.9,1.094
0.247,88.9,0.0,92.2,0.016
0.501,95.0,0.0,92.5,0.057
1.003,100.0,0.0,92.8,0.023
1.989,95.2,0.0,93.1,0.046
3.915,84.2,0.0,93.5,0.267
8.045,100.0,0.0,93.8,0.302
16.892,100.0,0.0,94.1,0.633
33.278,94.4,0.0,94.4,0.959
0.247,100.0,0.0,94.7,0.027
0.501,95.0,0.0,95.1,0.028
1.003,82.4,0.0,95.4,0.097
1.989,95.5,0.0,95.7,0.147
3.915,95.0,0.0,96.0,0.16
8.045,88.9,0.0,96.3,0.329
16.892,100.0,0.0,96.6,0.607
33.278,94.7,0.0,97.0,1.575
0.247,95.0,0.0,97.3,0.027
0.501,94.1,0.0,97.6,0.113
1.003,95.2,0.0,97.9,0.037
1.989,100.0,0.0,98.3,0.076
3.915,89.5,0.0,98.6,0.076
8.045,94.7,0.0,98.9,0.41
16.892,95.2,0.0,99.2,0.444
33.278,100.0,0.0,99.5,1.52
0.247,100.0,0.0,99.8,0.04
0.501,100.0,0.0,96.9,0.024
1.003,85.0,0.0,97.2,0.035
1.989,100.0,0.0,97.5,0.079
3.915,100.0,0.0,97.8,0.125
8.045,100.0,0.0,98.1,0.158
16.892,100.0,0.0,98.4,0.489
33.278,100.0,0.0,98.7,1.093
0.247,84.2,0.0,99.1,0.017
0.501,84.2,0.0,99.4,0.063
1.003,94.7,0.0,99.7,0.099
1.989,94.7,0.0,99.2,0.115
3.915,85.0,0.0,99.5,0.211
8.045,84.2,0.0,99.8,0.273
16.892,100.0,0.0,99.9,0.75
33.278,94.4,0.0,89.1,0.598
0.247,100.0,0.0,89.4,0.015
0.501,84.2,0.0,89.7,0.051
1.003,95.2,0.0,90.0,0.075
1.989,90.0,0.0,90.2,0.083
3.915,100.0,0.0,90.5,0.093
8.045,100.0,0.0,90.8,0.192
16.892,100.0,0.0,91.1,0.765
33.278,100.0,0.0,91.4,0.712
0.247,100.0,0.0,91.7,0.028
0.501,100.0,0.0,91.9,0.063
1.003,100.0,0.0,92.2,0.028
1.989,100.0,0.0,92.5,0.049
3.915,95.0,0.0,92.8,0.202
8.045,100.0,0.0,93.1,0.174
16.892,100.0,0.0,93.4,0.8
33.278,94.1,0.0,93.6,0.805
0.247,100.0,0.0,93.9,0.035
0.501,95.0,0.0,94.2,0.022
1.003,100.0,0.0,94.5,0.098
1.989,95.0,0.0,94.8,0.054
3.915,100.0,0.0,95.1,0.23
8.045,100.0,0.0,95.4,0.169
16.892,94.7,0.0,95.6,0.524
33.278,100.0,0.0,95.9,1.217
0.247,95.0,0.0,96.2,0.071
0.501,100.0,0.0,96.5,0.017
1.003,90.5,0.0,96.8,0.048
1.989,100.0,0.0,97.1,0.053
3.915,100.0,0.0,97.4,0.24
8.045,95.0,0.0,97.6,0.309
16.892,84.2,0.0,97.9,0.793
33.278,100.0,0.0,98.2,1.018
0.247,95.2,0.0,98.5,0.014
0.501,90.0,0.0,98.8,0.063
1.003,90.5,0.0,99.0,0.043
1.989,100.0,0.0,99.3,0.126
3.915,100.0,0.0,99.6,0.118
8.045,100.0,0.0,99.9,0.232
16.892,90.0,0.0,97.3,0.391
33.278,89.5,0.0,97.5,0.639
0.247,100.0,0.0,97.8,0.043
0.501,100.0,0.0,98.1,0.021
1.003,88.9,0.0,98.4,0.075
1.989,89.5,0.0,98.7,0.126
3.915,100.0,0.0,98.9,0.16
8.045,100.0,0.0,99.2,0.185
16.892,90.0,0.0,99.5,0.821
33.278,100.0,0.0,99.8,1.762
0.247,100.0,0.0,99.3,0.018
0.501,100.0,0.0,99.6,0.175
1.003,100.0,0.0,99.8,0.083
1.989,100.0,0.0,99.9,0.105
3.915,100.0,0.0,90.2,0.236
8.045,95.0,0.0,90.4,0.422
16.892,94.4,0.0,90.7,0.795
33.278,85.0,0.0,90.9,0.975
0.247,95.2,0.0,91.2,0.013
0.501,100.0,0.0,91.5,0.022
1.003,100.0,0.0,91.7,0.049
1.989,100.0,0.0,92.0,0.083
3.915,100.0,0.0,92.2,0.171
8.045,95.2,0.0,92.5,0.473
16.892,95.0,0.0,92.7,0.33
33.278,84.2,0.0,93.0,0.646
0.247,100.0,0.0,93.2,0.027
0.501,95.0,0.0,93.5,0.06
1.003,100.0,0.0,93.7,0.041
1.989,100.0,0.0,94.0,0.082
3.915,100.0,0.0,94.2,0.22
8.045,88.9,0.0,94.5,0.421
16.892,85.0,0.0,94.8,0.497
33.278,94.7,0.0,95.0,0.751
0.247,100.0,0.0,95.3,0.02
0.501,100.0,0.0,95.5,0.045
1.003,100.0,0.0,95.8,0.117
1.989,83.3,0.0,96.0,0.059
3.915,90.0,0.0,96.3,0.098
8.045,90.0,0.0,96.6,0.158
16.892,100.0,0.0,96.8,0.429
33.278,100.0,0.0,97.1,0.656
0.247,100.0,0.0,97.3,0.031
0.501,95.2,0.0,97.6,0.054
1.003,95.0,0.0,97.8,0.097
1.989,94.4,0.0,98.1,0.057
3.915,95.2,0.0,98.4,0.242
8.045,100.0,0.0,98.6,0.215
16.892,94.7,0.0,98.9,0.556
33.278,88.9,0.0,99.1,0.649
0.247,95.2,0.0,99.4,0.018
0.501,95.2,0.0,99.6,0.017
1.003,100.0,0.0,99.9,0.114
1.989,95.0,0.0,97.5,0.126
3.915,95.2,0.0,97.8,0.119
8.045,89.5,0.0,98.0,0.665
16.892,100.0,0.0,98.3,0.331
33.278,100.0,0.0,98.5,1.274
0.247,90.0,0.0,98.8,0.036
0.501,95.0,0.0,99.0,0.044
1.003,100.0,0.0,99.3,0.063
1.989,90.0,0.0,99.5,0.159
3.915,95.2,0.0,99.8,0.088
8.045,100.0,0.0,99.4,0.296
16.892,100.0,0.0,99.6,0.324
33.278,100.0,0.0,99.9,0.938
0.247,100.0,0.0,99.9,0.048
0.501,84.2,0.0,91.0,0.086
1.003,100.0,0.0,91.3,0.072
1.989,100.0,0.0,91.5,0.053
3.915,100.0,0.0,91.7,0.218
8.045,100.0,0.0,92.0,0.297
16.892,100.0,0.0,92.2,0.278
33.278,100.0,0.0,92.4,0.858
0.247,100.0,0.0,92.7,0.047
0.501,100.0,0.0,92.9,0.02
1.003,94.7,0.0,93.1,0.067
1.989,95.0,0.0,93.4,0.098
3.915,90.0,0.0,93.6,0.227
8.045,90.5,0.0,93.8,0.196
16.892,100.0,0.0,94.1,0.534
33.278,100.0,0.0,94.3,0.604
0.247,100.0,0.0,94.5,0.014
0.501,100.0,0.0,94.7,0.02
1.003,100.0,0.0,95.0,0.074
1.989,100.0,0.0,95.2,0.143
3.915,95.2,0.0,95.4,0.154
8.045,100.0,0.0,95.7,0.28
16.892,100.0,0.0,95.9,0.547
33.278,100.0,0.0,96.1,0.846
0.247,85.0,0.0,96.4,0.017
0.501,100.0,0.0,96.6,0.05
1.003,100.0,0.0,96.8,0.045
1.989,90.0,0.0,97.1,0.059
3.915,100.0,0.0,97.3,0.082
8.045,95.2,0.0,97.5,0.432
16.892,100.0,0.0,97.8,0.333
33.278,100.0,0.0,98.0,1.745
0.247,100.0,0.0,98.2,0.039
0.501,95.2,0.0,98.5,0.045
1.003,95.0,0.0,98.7,0.046
1.989,100.0,0.0,98.9,0.102
3.915,100.0,0.0,99.2,0.191
8.045,100.0,0.0,99.4,0.46
16.892,100.0,0.0,99.6,0.565
33.278,100.0,0.0,99.9,1.862
0.247,90.0,0.0,97.7,0.012
0.501,85.0,0.0,97.9,0.034
1.003,100.0,0.0,98.2,0.065
1.989,100.0,0.0,98.4,0.094
3.915,100.0,0.0,98.6,0.085
8.045,100.0,0.0,98.9,0.426
16.892,89.5,0.0,99.1,0.576
33.278,100.0,0.0,99.3,1.014
0.247,100.0,0.0,99.6,0.018
0.501,100.0,0.0,99.8,0.049
1.003,100.0,0.0,99.4,0.066
1.989,100.0,0.0,99.6,0.061
3.915,94.4,0.0,99.9,0.098
8.045,100.0,0.0,99.9,0.446
16.892,100.0,0.0,91.8,0.757
33.278,100.0,0.0,92.0,0.568
0.247,100.0,0.0,92.2,0.026
0.501,100.0,0.0,92.4,0.075
1.003,100.0,0.0,92.7,0.061
1.989,89.5,0.0,92.9,0.15
3.915,94.7,0.0,93.1,0.161
8.045,100.0,0.0,93.3,0.469
16.892,100.0,0.0,93.5,0.444
33.278,100.0,0.0,93.7,0.585
0.247,84.2,0.0,93.9,0.018
0.501,95.2,0.0,94.1,0.048
1.003,90.5,0.0,94.4,0.084
1.989,95.2,0.0,94.6,0.051
3.915,95.0,0.0,94.8,0.194
8.045,89.5,0.0,95.0,0.298
16.892,100.0,0.0,95.2,0.285
33.278,100.0,0.0,95.4,1.327
0.247,100.0,0.0,95.6,0.036
0.501,100.0,0.0,95.8,0.044
1.003,95.0,0.0,96.1,0.035
1.989,95.0,0.0,96.3,0.087
3.915,100.0,0.0,96.5,0.317
8.045,100.0,0.0,96.7,0.359
16.892,100.0,0.0,96.9,0.534
33.278,84.2,0.0,97.1,0.722
0.247,95.0,0.0,97.3,0.021
0.501,94.7,0.0,97.6,0.088
1.003,100.0,0.0,97.8,0.053
1.989,94.7,0.0,98.0,0.288
3.915,90.5,0.0,98.2,0.229
8.045,100.0,0.0,98.4,0.371
16.892,94.7,0.0,98.6,0.501
33.278,100.0,0.0,98.8,1.659
0.247,90.0,0.0,99.1,0.034
0.501,90.0,0.0,99.3,0.018
1.003,100.0,0.0,99.5,0.085
1.989,88.9,0.0,99.7,0.09
3.915,95.2,0.0,99.9,0.243
8.045,100.0,0.0,97.9,0.168
16.892,89.5,0.0,98.1,0.583
33.278,95.0,0.0,98.3,1.189
0.247,100.0,0.0,98.5,0.015
0.501,89.5,0.0,98.8,0.049
1.003,85.7,0.0,99.0,0.065
1.989,94.7,0.0,99.2,0.049
3.915,95.0,0.0,99.4,0.081
8.045,100.0,0.0,99.6,0.455
16.892,95.0,0.0,99.8,0.345
33.278,100.0,0.0,99.5,1.485
0.247,100.0,0.0,99.7,0.041
0.501,100.0,0.0,99.9,0.027
1.003,100.0,0.0,99.9,0.046
1.989,100.0,0.0,92.4,0.058
3.915,90.0,0.0,92.6,0.102
8.045,95.5,0.0,92.8,0.446
16.892,100.0,0.0,93.0,0.481
33.278,100.0,0.0,93.2,1.669
0.247,100.0,0.0,93.4,0.021
0.501,90.0,0.0,93.6,0.025
1.003,100.0,0.0,93.8,0.049
1.989,95.0,0.0,94.0,0.094
3.915,100.0,0.0,94.2,0.172
8.045,100.0,0.0,94.4,0.257
16.892,100.0,0.0,94.6,0.591
33.278,95.2,0.0,94.8,0.943
0.247,95.0,0.0,95.0,0.015
0.501,94.7,0.0,95.1,0.035
1.003,100.0,0.0,95.3,0.029
1.989,100.0,0.0,95.5,0.095
3.915,100.0,0.0,95.7,0.266
8.045,100.0,0.0,95.9,0.246
16.892,94.4,0.0,96.1,0.444
33.278,100.0,0.0,96.3,1.128
0.247,80.0,0.0,96.5,0.042
0.501,95.2,0.0,96.7,0.043
1.003,100.0,0.0,96.9,0.152
1.989,100.0,0.0,97.1,0.091
3.915,100.0,0.0,97.3,0.109
8.045,100.0,0.0,97.5,0.506
16.892,95.2,0.0,97.7,0.341
33.278,100.0,0.0,97.9,0.565
3.915,95.0,0.0,98.1,0.211
0.247,10.5,256.875,96.3,0.019
0.501,15.0,147.012,96.5,0.037
1.003,5.3,270.547,96.7,0.049
1.989,0.0,268.613,96.9,0.079
3.915,10.5,269.902,97.1,0.113
8.045,5.3,271.25,97.3,0.197
16.892,10.0,267.969,97.4,0.275
33.278,14.3,146.367,97.6,0.548
0.247,10.5,269.902,97.8,0.016
0.501,5.3,146.367,98.0,0.019
1.003,10.0,257.988,98.2,0.044
1.989,21.1,157.139,98.4,0.078
3.915,5.0,265.234,98.6,0.119
8.045,5.0,145.723,98.8,0.175
16.892,15.8,270.547,99.0,0.272
33.278,10.0,270.547,99.2,0.552
0.247,10.5,266.455,99.4,0.017
0.501,10.0,272.637,99.6,0.03
1.003,5.3,256.875,98.8,0.045
1.989,10.0,270.479,99.0,0.081
3.915,5.3,269.902,99.2,0.082
8.045,5.0,271.191,99.4,0.142
16.892,5.0,256.162,99.6,0.298
33.278,10.5,268.613,99.8,0.564
0.247,10.5,268.613,99.7,0.019
0.501,10.5,388.125,99.9,0.04
1.003,10.0,269.902,93.0,0.055
1.989,5.3,148.457,93.2,0.086
3.915,9.5,133.34,93.3,0.13
8.045,10.0,255.43,93.5,0.15
16.892,10.5,269.258,93.7,0.281
33.278,14.3,146.367,93.9,0.546
0.247,20.0,147.656,94.1,0.015
0.501,10.0,138.652,94.2,0.036
1.003,15.0,270.615,94.4,0.041
1.989,10.0,267.969,94.6,0.063
3.915,21.1,269.258,94.8,0.116
8.045,10.0,270.479,95.0,0.149
16.892,9.5,149.746,95.2,0.297
33.278,10.5,266.523,95.3,0.539
0.247,5.0,259.453,95.5,0.014
0.501,9.5,269.902,95.7,0.018
1.003,14.3,149.102,95.9,0.045
1.989,10.0,146.367,96.1,0.058
3.915,10.0,137.363,96.3,0.113
8.045,0.0,256.65,96.4,0.179
16.892,5.3,133.984,96.6,0.341
33.278,10.0,145.723,96.8,0.558
0.247,10.0,147.656,97.0,0.009
0.501,15.8,267.969,97.2,0.055
1.003,10.0,147.07,97.4,0.027
1.989,5.0,256.875,97.5,0.069
3.915,14.3,392.148,97.7,0.086
8.045,10.0,394.727,97.9,0.188
16.892,10.0,227.012,98.1,0.299
33.278,19.0,267.969,98.3,0.541
0.247,9.5,260.098,98.5,0.011
0.501,21.1,256.846,98.6,0.033
1.003,0.0,260.742,98.8,0.038
1.989,5.0,258.096,99.0,0.055
3.915,5.3,266.523,99.2,0.143
8.045,0.0,151.094,99.4,0.152
16.892,14.3,267.168,99.6,0.275
33.278,10.0,255.43,99.7,0.592
0.247,10.5,269.961,99.9,0.02
0.501,21.1,269.971,98.2,0.034
1.003,0.0,137.363,98.4,0.052
1.989,5.3,256.875,98.6,0.047
3.915,14.3,150.391,98.7,0.091
8.045,21.1,270.313,98.9,0.158
16.892,10.0,146.436,99.1,0.289
33.278,5.0,258.809,99.3,0.533
0.247,10.0,267.969,99.5,0.007
0.501,0.0,258.164,99.7,0.031
1.003,23.8,147.168,99.8,0.053
1.989,5.3,151.094,99.5,0.05
3.915,5.3,270.547,99.7,0.099
8.045,10.0,269.902,99.9,0.205
16.892,10.0,392.207,99.9,0.258
33.278,5.3,149.746,93.5,0.534
0.247,10.0,147.813,93.6,0.01
0.501,5.0,269.258,93.8,0.038
1.003,10.0,147.012,94.0,0.061
1.989,14.3,138.652,94.1,0.076
3.915,9.5,269.258,94.3,0.111
8.045,5.0,258.164,94.5,0.203
16.892,5.3,147.813,94.6,0.272
33.278,5.3,138.008,94.8,0.561
0.247,9.5,148.457,95.0,0.021
0.501,10.5,268.545,95.2,0.036
1.003,5.3,258.809,95.3,0.042
1.989,0.0,270.605,95.5,0.055
3.915,10.0,268.682,95.7,0.082
8.045,10.0,146.367,95.8,0.143
16.892,22.2,255.01,96.0,0.313
33.278,9.5,266.523,96.2,0.713
0.247,10.0,211.572,96.4,0.018
0.501,0.0,147.656,96.5,0.02
1.003,5.3,258.164,96.7,0.058
1.989,5.0,269.902,96.9,0.067
3.915,10.5,258.867,97.0,0.092
8.045,5.3,268.672,97.2,0.152
16.892,10.0,266.592,97.4,0.305
33.278,10.5,145.078,97.6,0.573
0.247,10.0,147.012,97.7,0.009
0.501,10.5,146.367,97.9,0.018
1.003,0.0,260.098,98.1,0.055
1.989,5.3,258.809,98.2,0.093
3.915,10.5,256.875,98.4,0.086
8.045,5.0,267.871,98.6,0.181
16.892,5.0,257.52,98.8,0.318
33.278,5.3,269.961,98.9,0.535
0.247,10.5,270.547,99.1,0.01
0.501,9.5,255.488,99.3,0.024
1.003,5.3,254.785,99.4,0.039
1.989,26.3,256.875,99.6,0.078
3.915,5.3,269.902,99.8,0.109
8.045,10.0,258.867,99.9,0.181
16.892,21.1,270.547,98.3,0.296
33.278,10.5,265.234,98.5,0.535
0.247,5.3,149.102,98.7,0.028
0.501,5.0,269.258,98.8,0.017
1.003,9.5,269.258,99.0,0.052
1.989,10.0,266.523,99.2,0.074
3.915,5.3,269.961,99.3,0.096
8.045,9.5,255.43,99.5,0.156
16.892,10.0,260.801,99.7,0.286
33.278,5.3,179.453,99.9,0.56
0.247,0.0,150.391,99.6,0.018
0.501,14.3,254.785,99.7,0.04
1.003,5.3,147.012,99.9,0.069
1.989,10.5,260.801,99.9,0.073
3.915,10.0,147.012,93.9,0.09
8.045,0.0,266.523,94.0,0.144
16.892,10.0,267.969,94.2,0.309
33.278,10.5,148.457,94.3,0.64
0.247,15.0,149.102,94.5,0.018
0.501,10.0,269.258,94.7,0.03
1.003,5.3,265.703,94.8,0.036
1.989,0.0,257.52,95.0,0.084
3.915,10.0,136.719,95.1,0.104
8.045,10.0,145.723,95.3,0.153
16.892,0.0,261.387,95.5,0.3
33.278,5.0,149.746,95.6,0.502
0.247,15.8,253.496,95.8,0.026
0.501,10.5,258.652,95.9,0.029
1.003,0.0,270.547,96.1,0.041
1.989,10.5,145.078,96.3,0.091
3.915,15.8,269.258,96.4,0.117
8.045,5.3,256.23,96.6,0.145
16.892,15.0,256.23,96.7,0.298
33.278,10.0,269.258,96.9,0.564
0.247,10.5,134.629,97.0,0.016
0.501,5.0,259.453,97.2,0.025
1.003,5.3,147.012,97.4,0.038
1.989,10.5,149.102,97.5,0.068
3.915,5.6,147.656,97.7,0.107
8.045,10.5,269.902,97.9,0.14
16.892,15.0,135.918,98.0,0.294
33.278,15.0,135.918,98.2,0.558
0.247,10.5,134.629,98.3,0.028
0.501,15.0,272.637,98.5,0.037
1.003,5.6,132.695,98.7,0.047
1.989,13.6,270.605,98.8,0.056
3.915,10.5,149.59,99.0,0.148
8.045,5.0,150.879,99.1,0.147
16.892,9.5,145.723,99.3,0.295
33.278,20.0,268.672,99.5,0.533
0.247,10.0,149.746,99.6,0.011
0.501,15.0,148.457,99.8,0.034
1.003,15.0,258.164,99.9,0.032
1.989,10.0,147.012,98.4,0.058
3.915,10.0,260.098,98.6,0.095
8.045,23.8,138.008,98.7,0.16
16.892,5.0,271.191,98.9,0.274
33.278,10.5,145.723,99.1,0.565
0.247,5.3,149.746,99.2,0.025
0.501,5.3,269.902,99.4,0.056
1.003,15.0,146.367,99.5,0.04
1.989,5.3,269.258,99.7,0.069
3.915,10.0,149.746,99.9,0.119
8.045,10.5,149.805,99.6,0.169
16.892,5.3,269.316,99.8,0.28
33.278,10.0,266.523,99.9,0.566
0.247,10.0,148.457,99.9,0.02
0.501,10.5,137.207,94.2,0.039
1.003,15.0,267.969,94.4,0.034
1.989,10.5,147.012,94.5,0.069
3.915,10.0,263.184,94.6,0.114
8.045,10.0,145.723,94.8,0.19
16.892,10.0,269.316,94.9,0.273
33.278,9.5,149.102,95.1,0.58
0.247,5.3,258.809,95.3,0.012
0.501,10.0,256.074,95.4,0.023
1.003,21.1,258.281,95.5,0.053
1.989,15.0,148.457,95.7,0.076
3.915,10.0,269.102,95.8,0.089
8.045,10.0,217.207,96.0,0.181
16.892,10.5,268.613,96.1,0.285
33.278,10.0,147.012,96.3,0.567
0.247,5.3,258.066,96.5,0.012
0.501,5.0,257.52,96.6,0.021
1.003,5.6,147.656,96.7,0.051
1.989,0.0,258.223,96.9,0.064
3.915,5.3,257.52,97.0,0.113
8.045,10.0,148.301,97.2,0.19
16.892,10.5,256.875,97.3,0.306
33.278,10.0,258.809,97.5,0.542
0.247,5.6,255.43,97.6,0.021
0.501,14.3,147.813,97.8,0.032
1.003,14.3,271.836,98.0,0.04
1.989,5.3,269.902,98.1,0.07
3.915,10.5,135.273,98.3,0.105
8.045,5.3,258.809,98.4,0.17
16.892,20.0,269.902,98.6,0.303
33.278,14.3,267.168,98.7,0.59
0.247,10.5,267.969,98.9,0.018
0.501,10.0,269.258,99.0,0.031
1.003,5.3,133.984,99.2,0.04
1.989,15.0,269.258,99.3,0.075
3.915,10.5,145.723,99.5,0.131
8.045,10.0,269.902,99.6,0.193
16.892,16.7,137.207,99.8,0.289
33.278,5.0,254.141,99.9,0.584
0.247,15.0,134.629,98.5,0.015
0.501,9.5,257.52,98.7,0.028
1.003,5.3,256.875,98.8,0.059
1.989,20.0,269.258,99.0,0.075
3.915,10.0,267.744,99.1,0.078
8.045,10.0,136.563,99.3,0.167
16.892,15.0,255.43,99.4,0.288
33.278,5.3,259.512,99.6,0.592
0.247,0.0,261.504,99.7,0.011
0.501,5.3,258.164,99.9,0.039
1.003,5.0,258.164,99.6,0.048
1.989,25.0,261.563,99.8,0.063
3.915,5.3,258.936,99.9,0.123
8.045,10.0,258.164,100.0,0.14
16.892,14.3,145.723,94.5,0.311
33.278,10.5,149.004,94.7,0.513
0.247,10.0,268.027,94.8,0.018
0.501,5.0,267.168,95.0,0.035
1.003,0.0,149.746,95.1,0.039
1.989,57.9,267.969,95.2,0.084
3.915,15.0,267.969,95.4,0.114
8.045,5.3,269.258,95.5,0.155
16.892,0.0,149.102,95.7,0.282
33.278,0.0,258.223,95.8,0.509
0.247,25.0,269.258,96.0,0.014
0.501,10.5,149.102,96.1,0.019
1.003,10.0,134.561,96.2,0.047
1.989,10.0,148.457,96.4,0.08
3.915,20.0,267.451,96.5,0.101
8.045,9.5,136.621,96.7,0.186
16.892,5.0,258.867,96.8,0.284
33.278,10.0,258.154,96.9,0.523
0.247,0.0,258.809,97.1,0.012
0.501,5.3,138.008,97.2,0.035
1.003,15.0,147.656,97.4,0.046
1.989,5.3,136.797,97.5,0.075
3.915,0.0,257.578,97.7,0.103
8.045,5.0,269.961,97.8,0.148
16.892,5.3,269.902,97.9,0.289
33.278,21.1,145.078,98.1,0.551
0.247,10.5,135.273,98.2,0.026
0.501,10.5,146.367,98.4,0.017
1.003,15.0,257.52,98.5,0.053
1.989,10.5,269.189,98.7,0.083
3.915,5.0,269.258,98.8,0.1
8.045,9.5,257.52,98.9,0.19
16.892,0.0,270.547,99.1,0.266
33.278,0.0,257.363,99.2,0.595
0.247,5.3,254.785,99.4,0.027
0.501,20.0,258.164,99.5,0.015
1.003,10.0,138.008,99.7,0.053
1.989,0.0,135.273,99.8,0.079
3.915,10.0,258.164,99.9,0.115
8.045,20.0,0.645,98.6,0.175
16.892,5.0,268.027,98.7,0.285
33.278,10.0,257.52,98.9,0.541
0.247,10.0,265.879,99.0,0.015
0.501,5.3,259.453,99.2,0.018
1.003,14.3,135.332,99.3,0.038
1.989,5.3,146.367,99.4,0.048
3.915,0.0,270.547,99.6,0.089
8.045,0.0,123.535,99.7,0.172
16.892,5.3,149.746,99.9,0.295
33.278,15.0,269.902,99.6,0.551
0.247,15.0,270.547,99.8,0.012
0.501,9.5,272.539,99.9,0.024
1.003,15.0,134.629,99.9,0.057
1.989,5.6,269.258,94.8,0.066
3.915,9.5,148.457,94.9,0.121
8.045,10.5,269.902,95.1,0.171
16.892,10.0,274.629,95.2,0.275
33.278,14.3,137.207,95.3,0.65
0.247,10.0,135.918,95.5,0.042
0.501,0.0,269.902,95.6,0.039
1.003,20.0,267.871,95.7,0.052
1.989,9.5,149.102,95.9,0.061
3.915,14.3,135.273,96.0,0.112
8.045,5.0,252.275,96.1,0.167
16.892,10.5,149.102,96.3,0.294
33.278,14.3,145.723,96.4,0.557
0.247,5.6,264.59,96.6,0.008
0.501,5.6,269.258,96.7,0.041
1.003,10.5,134.629,96.8,0.037
1.989,9.5,258.164,97.0,0.067
3.915,10.0,136.563,97.1,0.091
8.045,10.0,255.43,97.2,0.224
16.892,10.0,275.508,97.4,0.31
33.278,9.5,269.258,97.5,0.584
0.247,5.3,135.273,97.6,0.028
0.501,10.5,147.012,97.8,0.032
1.003,25.0,136.074,97.9,0.04
1.989,5.0,268.613,98.0,0.044
3.915,0.0,269.902,98.2,0.101
8.045,9.5,256.777,98.3,0.236
16.892,5.3,256.074,98.4,0.328
33.278,10.5,264.59,98.6,0.552
3.915,5.3,259.609,98.7,0.095
0.247,50.0,21.973,97.4,0.01
0.501,50.0,15.0,97.6,0.017
1.003,50.0,20.0,97.7,0.029
1.989,44.4,18.75,97.8,0.071
3.915,50.0,15.0,98.0,0.092
8.045,52.6,18.75,98.1,0.146
16.892,50.0,17.5,98.2,0.292
33.278,47.4,16.25,98.4,0.544
0.247,63.2,20.0,98.5,0.008
0.501,50.0,20.0,98.6,0.022
1.003,47.4,15.0,98.8,0.052
1.989,52.6,18.75,98.9,0.055
3.915,60.0,21.25,99.0,0.071
8.045,52.6,17.5,99.2,0.208
16.892,50.0,16.973,99.3,0.305
33.278,50.0,20.723,99.5,0.54
0.247,50.0,15.0,99.6,0.011
0.501,47.4,20.0,99.7,0.019
1.003,52.6,18.75,99.2,0.038
1.989,50.0,22.5,99.3,0.054
3.915,47.4,15.0,99.5,0.125
8.045,52.4,17.5,99.6,0.151
16.892,50.0,21.25,99.7,0.312
33.278,55.0,23.75,99.9,0.551
0.247,50.0,16.973,99.8,0.017
0.501,57.9,18.75,99.9,0.041
1.003,50.0,18.75,95.1,0.039
1.989,50.0,15.0,95.2,0.073
3.915,55.0,15.0,95.3,0.092
8.045,55.6,20.527,95.5,0.179
16.892,50.0,16.25,95.6,0.33
33.278,55.0,18.75,95.7,0.562
0.247,50.0,25.0,95.8,0.007
0.501,47.4,13.75,96.0,0.013
1.003,50.0,21.25,96.1,0.022
1.989,44.4,18.75,96.2,0.078
3.915,52.6,21.25,96.4,0.086
8.045,52.4,20.527,96.5,0.143
16.892,45.0,20.527,96.6,0.351
33.278,47.4,18.75,96.7,0.602
0.247,47.4,16.25,96.9,0.014
0.501,47.4,15.0,97.0,0.032
1.003,50.0,17.5,97.1,0.031
1.989,50.0,17.5,97.2,0.072
3.915,47.4,18.75,97.4,0.093
8.045,44.4,12.5,97.5,0.176
16.892,50.0,17.5,97.6,0.299
33.278,50.0,18.75,97.8,0.672
0.247,44.4,23.75,97.9,0.007
0.501,50.0,13.75,98.0,0.013
1.003,47.4,20.0,98.2,0.045
1.989,52.6,18.75,98.3,0.07
3.915,50.0,17.5,98.4,0.095
8.045,52.6,16.25,98.5,0.158
16.892,50.0,22.5,98.7,0.309
33.278,47.4,18.75,98.8,0.609
0.247,55.0,18.75,98.9,0.01
0.501,50.0,15.0,99.1,0.023
1.003,50.0,17.5,99.2,0.043
1.989,50.0,13.75,99.3,0.074
3.915,50.0,16.25,99.4,0.089
8.045,47.4,21.973,99.6,0.168
16.892,50.0,22.5,99.7,0.281
33.278,47.4,18.75,99.8,0.634
0.247,50.0,18.75,100.0,0.016
0.501,50.0,20.0,98.7,0.011
1.003,50.0,20.0,98.9,0.025
1.989,50.0,20.0,99.0,0.049
3.915,52.4,25.0,99.1,0.079
8.045,50.0,22.5,99.2,0.188
16.892,52.6,17.5,99.4,0.29
33.278,47.4,15.0,99.5,0.58
0.247,41.2,17.5,99.6,0.015
0.501,50.0,24.473,99.8,0.015
1.003,50.0,21.25,99.9,0.036
1.989,52.6,17.5,99.7,0.068
3.915,52.6,21.25,99.8,0.103
8.045,63.2,16.25,99.9,0.18
16.892,47.4,13.75,99.9,0.335
33.278,50.0,20.0,95.3,0.577
0.247,50.0,13.75,95.4,0.017
0.501,44.4,25.0,95.6,0.033
1.003,47.4,15.0,95.7,0.045
1.989,47.4,25.0,95.8,0.05
3.915,47.4,17.5,95.9,0.083
8.045,50.0,21.25,96.1,0.167
16.892,47.4,17.5,96.2,0.29
33.278,52.4,20.0,96.3,0.615
0.247,50.0,18.75,96.4,0.011
0.501,50.0,25.0,96.5,0.033
1.003,47.4,25.0,96.7,0.053
1.989,50.0,25.0,96.8,0.047
3.915,50.0,15.0,96.9,0.086
8.045,47.4,22.5,97.0,0.17
16.892,47.4,21.25,97.2,0.275
33.278,47.4,18.75,97.3,0.615
0.247,47.4,26.25,97.4,0.011
0.501,50.0,18.75,97.5,0.023
1.003,47.4,17.5,97.6,0.05
1.989,55.0,17.5,97.8,0.06
3.915,50.0,18.75,97.9,0.113
8.045,47.4,22.5,98.0,0.154
16.892,52.6,16.25,98.1,0.318
33.278,50.0,15.0,98.3,0.599
0.247,50.0,15.0,98.4,0.028
0.501,47.4,16.973,98.5,0.032
1.003,50.0,16.25,98.6,0.056
1.989,52.6,18.75,98.7,0.058
3.915,50.0,25.0,98.9,0.087
8.045,50.0,18.223,99.0,0.171
16.892,52.6,18.75,99.1,0.315
33.278,47.4,16.25,99.2,0.576
0.247,47.4,25.0,99.3,0.011
0.501,52.4,23.027,99.5,0.039
1.003,47.4,17.5,99.6,0.048
1.989,55.6,16.25,99.7,0.076
3.915,50.0,16.25,99.8,0.113
8.045,50.0,17.5,100.0,0.174
16.892,57.9,17.5,98.8,0.319
33.278,47.4,18.75,98.9,0.574
0.247,52.4,26.25,99.0,0.028
0.501,47.4,16.25,99.2,0.017
1.003,50.0,20.527,99.3,0.029
1.989,55.0,17.5,99.4,0.071
3.915,47.4,18.75,99.5,0.104
8.045,52.4,16.25,99.6,0.24
16.892,57.9,16.25,99.8,0.306
33.278,50.0,16.25,99.9,0.587
0.247,52.6,20.0,99.7,0.012
0.501,50.0,17.5,99.8,0.04
1.003,50.0,15.0,99.9,0.045
1.989,55.0,17.5,99.9,0.071
3.915,47.4,17.5,95.5,0.098
8.045,50.0,16.25,95.6,0.184
16.892,52.6,23.75,95.8,0.324
33.278,47.4,23.223,95.9,0.573
0.247,50.0,18.75,96.0,0.008
0.501,44.4,20.0,96.1,0.028
1.003,50.0,22.5,96.2,0.042
1.989,57.9,18.75,96.3,0.067
3.915,60.0,20.0,96.4,0.08
8.045,52.6,17.5,96.6,0.14
16.892,50.0,16.25,96.7,0.35
33.278,47.4,18.75,96.8,0.587
0.247,50.0,17.5,96.9,0.008
0.501,50.0,17.5,97.0,0.019
1.003,50.0,17.5,97.1,0.034
1.989,47.4,16.25,97.3,0.049
3.915,50.0,17.5,97.4,0.109
8.045,47.4,18.75,97.5,0.148
16.892,52.6,18.75,97.6,0.303
33.278,45.0,23.75,97.7,0.579
0.247,47.4,15.0,97.8,0.018
0.501,47.4,23.75,98.0,0.02
1.003,50.0,16.25,98.1,0.037
1.989,47.4,20.0,98.2,0.091
3.915,47.4,18.75,98.3,0.099
8.045,52.4,17.5,98.4,0.189
16.892,52.6,21.25,98.5,0.303
33.278,50.0,16.25,98.7,0.611
0.247,47.4,17.5,98.8,0.017
0.501,52.6,13.75,98.9,0.033
1.003,50.0,18.75,99.0,0.045
1.989,50.0,23.75,99.1,0.065
3.915,50.0,20.0,99.2,0.118
8.045,47.4,25.0,99.4,0.16
16.892,50.0,21.25,99.5,0.336
33.278,52.4,23.75,99.6,0.576
0.247,52.4,15.0,99.7,0.018
0.501,50.0,18.75,99.8,0.03
1.003,50.0,23.027,99.9,0.038
1.989,50.0,19.473,98.9,0.059
3.915,50.0,17.5,99.0,0.118
8.045,47.4,20.0,99.1,0.154
16.892,50.0,22.5,99.2,0.312
33.278,52.4,18.75,99.3,0.612
0.247,47.4,25.0,99.4,0.01
0.501,63.2,17.5,99.5,0.019
1.003,47.4,20.0,99.7,0.04
1.989,47.4,20.0,99.8,0.073
3.915,55.0,20.0,99.9,0.103
8.045,70.0,18.75,99.7,0.182
16.892,50.0,20.0,99.8,0.332
33.278,47.4,23.75,99.9,0.585
0.247,50.0,20.527,100.0,0.03
0.501,50.0,16.25,95.7,0.036
1.003,55.0,23.75,95.8,0.031
1.989,45.0,20.0,95.9,0.055
3.915,50.0,17.5,96.0,0.078
8.045,44.4,25.0,96.2,0.16
16.892,47.4,22.5,96.3,0.284
33.278,52.4,21.25,96.4,0.563
0.247,52.6,13.75,96.5,0.02
0.501,50.0,17.5,96.6,0.018
1.003,52.6,18.75,96.7,0.038
1.989,47.4,21.25,96.8,0.047
3.915,80.0,11.25,96.9,0.113
8.045,52.6,21.25,97.0,0.163
16.892,50.0,18.75,97.2,0.314
33.278,47.4,15.0,97.3,0.585
0.247,47.4,17.5,97.4,0.021
0.501,50.0,16.25,97.5,0.024
1.003,50.0,18.75,97.6,0.033
1.989,50.0,20.0,97.7,0.058
3.915,44.4,23.75,97.8,0.088
8.045,50.0,23.75,97.9,0.161
16.892,52.6,17.5,98.0,0.327
33.278,55.0,21.25,98.2,0.548
0.247,47.4,20.0,98.3,0.009
0.501,52.6,21.25,98.4,0.018
1.003,50.0,23.75,98.5,0.046
1.989,47.4,16.25,98.6,0.059
3.915,52.4,25.0,98.7,0.076
8.045,52.6,18.75,98.8,0.162
16.892,50.0,18.75,98.9,0.312
33.278,50.0,21.25,99.0,0.536
0.247,47.4,18.75,99.2,0.021
0.501,50.0,17.5,99.3,0.021
1.003,50.0,16.25,99.4,0.043
1.989,57.1,20.0,99.5,0.051
3.915,50.0,20.0,99.6,0.089
8.045,44.4,16.25,99.7,0.16
16.892,50.0,20.0,99.8,0.342
33.278,50.0,18.75,99.9,0.704
0.247,47.4,21.25,98.9,0.014
0.501,47.4,15.0,99.0,0.043
1.003,47.4,23.75,99.1,0.031
1.989,52.4,25.0,99.2,0.054
3.915,50.0,18.027,99.3,0.103
8.045,52.6,21.25,99.5,0.16
16.892,50.0,18.75,99.6,0.279
33.278,44.4,21.777,99.7,0.576
0.247,50.0,23.75,99.8,0.009
0.501,47.4,17.5,99.9,0.039
1.003,47.4,20.0,99.7,0.035
1.989,52.6,16.25,99.8,0.052
3.915,47.4,22.5,99.9,0.091
8.045,50.0,13.75,100.0,0.193
16.892,44.4,23.75,95.9,0.282
33.278,52.6,18.75,96.0,0.565
0.247,47.4,21.25,96.1,0.008
0.501,45.0,16.25,96.2,0.015
1.003,52.6,20.0,96.3,0.043
1.989,50.0,23.75,96.4,0.057
3.915,50.0,21.973,96.5,0.078
8.045,47.4,18.75,96.6,0.161
16.892,52.6,20.0,96.8,0.299
33.278,50.0,17.5,96.9,0.602
0.247,60.0,15.0,97.0,0.019
0.501,50.0,25.0,97.1,0.029
1.003,50.0,11.25,97.2,0.034
1.989,50.0,20.0,97.3,0.051
3.915,50.0,20.0,97.4,0.085
8.045,47.4,17.5,97.5,0.143
16.892,55.0,20.0,97.6,0.298
33.278,47.4,16.25,97.7,0.624
0.247,47.4,16.25,97.8,0.016
0.501,50.0,20.0,97.9,0.023
1.003,47.4,20.0,98.0,0.023
1.989,57.1,17.5,98.1,0.067
3.915,44.4,17.5,98.2,0.079
8.045,50.0,20.0,98.3,0.158
16.892,50.0,16.25,98.5,0.268
33.278,50.0,17.5,98.6,0.57
0.247,52.4,25.0,98.7,0.013
0.501,50.0,15.0,98.8,0.021
1.003,44.4,16.25,98.9,0.045
1.989,47.4,15.0,99.0,0.076
3.915,50.0,15.0,99.1,0.093
8.045,50.0,22.5,99.2,0.171
16.892,52.4,21.25,99.3,0.289
33.278,44.4,18.75,99.4,0.606
0.247,52.4,17.5,99.5,0.02
0.501,52.6,15.0,99.6,0.035
1.003,50.0,15.0,99.7,0.073
1.989,47.4,21.25,99.8,0.054
3.915,52.4,20.0,100.0,0.091
8.045,47.6,23.75,98.9,0.16
16.892,50.0,15.0,99.1,0.287
33.278,47.4,21.25,99.2,0.549
0.247,50.0,23.75,99.3,0.022
0.501,47.4,22.5,99.4,0.027
1.003,47.4,18.75,99.5,0.053
1.989,42.1,21.777,99.6,0.055
3.915,52.6,23.75,99.7,0.089
8.045,50.0,23.75,99.8,0.161
16.892,50.0,17.5,99.9,0.328
33.278,52.6,15.0,99.7,0.567
0.247,55.6,20.0,99.8,0.008
0.501,50.0,18.75,99.9,0.018
1.003,50.0,15.0,100.0,0.071
1.989,52.6,13.75,96.1,0.07
3.915,50.0,20.0,96.2,0.092
8.045,45.0,18.75,96.3,0.174
16.892,52.4,22.5,96.4,0.289
33.278,47.4,25.0,96.5,0.602
0.247,55.0,13.75,96.6,0.015
0.501,47.4,21.25,96.7,0.013
1.003,47.4,17.5,96.8,0.033
1.989,47.4,21.25,96.9,0.051
3.915,50.0,16.25,97.0,0.09
8.045,44.4,18.75,97.1,0.171
16.892,50.0,20.0,97.2,0.315
33.278,50.0,15.0,97.3,0.554
0.247,50.0,16.25,97.4,0.021
0.501,50.0,18.75,97.5,0.018
1.003,50.0,23.75,97.6,0.044
1.989,52.6,22.5,97.7,0.06
3.915,50.0,16.25,97.8,0.094
8.045,47.4,17.5,97.9,0.166
16.892,50.0,18.75,98.0,0.282
33.278,55.0,23.75,98.1,0.569
0.247,47.4,18.75,98.2,0.012
0.501,50.0,21.973,98.3,0.016
1.003,50.0,23.027,98.4,0.045
1.989,47.4,15.0,98.5,0.071
3.915,50.0,21.25,98.6,0.084
8.045,55.0,18.75,98.7,0.15
16.892,52.6,20.0,98.8,0.325
33.278,50.0,13.75,98.9,0.541
3.915,52.6,16.25,99.0,0.099
0.247,55.0,18644.707,98.1,0.015
0.501,47.4,14552.314,98.2,0.035
1.003,50.0,13246.934,98.3,0.052
1.989,50.0,31486.875,98.4,0.058
3.915,55.0,11654.883,98.5,0.1
8.045,55.0,15308.379,98.6,0.204
16.892,52.4,10552.148,98.7,0.336
33.278,50.0,20071.816,98.8,0.596
0.247,57.9,23034.99,98.9,0.013
0.501,47.4,20020.605,99.0,0.015
1.003,41.2,16495.166,99.1,0.039
1.989,57.1,20734.6,99.2,0.07
3.915,55.0,16373.867,99.3,0.09
8.045,52.6,15636.621,99.4,0.153
16.892,50.0,14946.24,99.5,0.299
33.278,50.0,14383.066,99.6,0.596
0.247,47.4,11766.045,99.7,0.013
0.501,50.0,16512.598,99.8,0.019
1.003,47.4,15010.137,99.4,0.03
1.989,52.4,23003.213,99.5,0.06
3.915,55.0,14864.971,99.6,0.112
8.045,47.4,15337.354,99.7,0.154
16.892,50.0,16073.35,99.8,0.282
33.278,55.0,17820.85,99.9,0.607
0.247,52.6,25139.16,99.9,0.025
0.501,50.0,32274.375,100.0,0.018
1.003,50.0,18007.852,96.2,0.045
1.989,45.0,22214.971,96.3,0.057
3.915,47.4,13626.182,96.4,0.112
8.045,52.6,21212.578,96.5,0.191
16.892,52.4,19408.643,96.6,0.273
33.278,55.6,15366.592,96.7,0.563
0.247,52.6,12327.393,96.8,0.021
0.501,52.6,12937.129,96.9,0.021
1.003,50.0,12745.313,97.0,0.037
1.989,50.0,9003.027,97.1,0.054
3.915,50.0,10975.078,97.2,0.111
8.045,57.9,19876.162,97.3,0.155
16.892,55.0,12746.064,97.4,0.311
33.278,52.4,9134.648,97.5,0.574
0.247,50.0,7952.08,97.6,0.027
0.501,47.4,15154.482,97.7,0.017
1.003,47.4,20758.311,97.8,0.033
1.989,47.6,12081.357,97.9,0.052
3.915,44.4,15321.641,98.0,0.092
8.045,44.4,13418.76,98.1,0.184
16.892,47.4,16217.754,98.2,0.311
33.278,52.6,17879.326,98.3,0.617
0.247,50.0,22748.086,98.4,0.01
0.501,52.6,9599.883,98.5,0.029
1.003,50.0,13550.889,98.6,0.04
1.989,47.4,17752.295,98.7,0.074
3.915,44.4,17402.285,98.8,0.093
8.045,50.0,16353.398,98.9,0.235
16.892,50.0,9890.098,99.0,0.325
33.278,50.0,20552.139,99.1,0.582
0.247,52.6,36216.787,99.2,0.016
0.501,50.0,9739.893,99.3,0.018
1.003,50.0,19059.639,99.4,0.028
1.989,50.0,17385.381,99.5,0.059
3.915,52.6,19944.111,99.6,0.077
8.045,50.0,11565.234,99.7,0.18
16.892,52.4,16471.025,99.8,0.331
33.278,47.4,20104.219,99.9,0.574
0.247,47.4,12214.629,100.0,0.022
0.501,52.6,30958.418,99.0,0.022
1.003,52.4,19493.174,99.1,0.058
1.989,50.0,24166.846,99.2,0.053
3.915,47.4,19498.594,99.3,0.096
8.045,55.0,24293.672,99.4,0.191
16.892,47.4,16638.896,99.5,0.302
33.278,52.6,20705.537,99.6,0.608
0.247,50.0,12108.779,99.7,0.009
0.501,52.4,17026.055,99.8,0.04
1.003,50.0,16507.031,99.9,0.028
1.989,50.0,10891.816,99.8,0.072
3.915,47.4,14373.486,99.8,0.09
8.045,50.0,24869.707,99.9,0.148
16.892,44.4,16565.713,100.0,0.312
33.278,50.0,24939.551,96.4,0.602
0.247,50.0,15015.605,96.5,0.009
0.501,54.5,14864.209,96.6,0.021
1.003,57.9,14383.096,96.6,0.033
1.989,50.0,13241.328,96.7,0.053
3.915,47.4,21741.387,96.8,0.118
8.045,55.0,9689.443,96.9,0.171
16.892,50.0,14206.846,97.0,0.277
33.278,50.0,15790.928,97.1,0.609
0.247,52.4,15599.766,97.2,0.013
0.501,47.1,9855.967,97.3,0.034
1.003,52.6,12349.014,97.4,0.036
1.989,50.0,16132.646,97.5,0.094
3.915,52.6,11753.877,97.6,0.093
8.045,47.1,9721.406,97.7,0.181
16.892,47.4,14641.318,97.8,0.292
33.278,47.4,13759.053,97.9,0.609
0.247,50.0,26827.646,98.0,0.013
0.501,47.4,23264.883,98.1,0.048
1.003,50.0,11804.736,98.2,0.038
1.989,50.0,12766.582,98.3,0.062
3.915,50.0,11145.381,98.4,0.103
8.045,50.0,10562.021,98.4,0.163
16.892,45.0,16919.209,98.5,0.301
33.278,50.0,24580.459,98.6,0.598
0.247,52.6,24412.51,98.7,0.014
0.501,50.0,20153.086,98.8,0.018
1.003,52.4,9683.73,98.9,0.048
1.989,47.4,14463.867,99.0,0.081
3.915,50.0,11047.178,99.1,0.113
8.045,47.4,19021.963,99.2,0.152
16.892,54.5,20827.617,99.3,0.318
33.278,50.0,9895.635,99.4,0.603
0.247,50.0,17865.938,99.5,0.03
0.501,52.4,18279.258,99.6,0.028
1.003,47.4,10401.27,99.7,0.033
1.989,50.0,22895.244,99.8,0.062
3.915,47.4,17305.693,99.9,0.102
8.045,52.4,14983.242,100.0,0.192
16.892,50.0,23085.938,99.1,0.318
33.278,47.4,16160.947,99.2,0.576
0.247,47.4,20200.986,99.3,0.025
0.501,52.6,22373.584,99.3,0.017
1.003,50.0,11566.113,99.4,0.029
1.989,55.0,17681.895,99.5,0.072
3.915,50.0,17579.238,99.6,0.1
8.045,52.6,13552.529,99.7,0.18
16.892,55.6,12013.145,99.8,0.293
33.278,50.0,20610.85,99.9,0.577
0.247,47.4,14043.047,99.8,0.013
0.501,50.0,15361.084,99.9,0.015
1.003,50.0,10484.873,100.0,0.048
1.989,55.0,11997.246,100.0,0.081
3.915,52.4,15889.775,96.5,0.098
8.045,47.4,19964.531,96.6,0.148
16.892,57.1,24097.5,96.7,0.361
33.278,50.0,15118.652,96.8,0.589
0.247,47.4,22798.359,96.9,0.011
0.501,47.4,15404.092,96.9,0.016
1.003,50.0,10031.758,97.0,0.03
1.989,55.6,18101.045,97.1,0.088
3.915,47.4,11898.223,97.2,0.082
8.045,52.6,22095.586,97.3,0.226
16.892,60.0,19493.525,97.4,0.302
33.278,50.0,18079.16,97.5,0.554
0.247,47.4,14351.162,97.6,0.031
0.501,50.0,14974.775,97.7,0.025
1.003,55.0,14594.15,97.8,0.03
1.989,60.0,13013.613,97.9,0.066
3.915,47.4,21985.225,97.9,0.095
8.045,44.4,15097.295,98.0,0.155
16.892,50.0,8999.414,98.1,0.357
33.278,50.0,14497.949,98.2,0.564
0.247,47.1,21862.148,98.3,0.027
0.501,55.0,22456.289,98.4,0.017
1.003,50.0,14433.105,98.5,0.056
1.989,55.0,19981.572,98.6,0.05
3.915,52.6,18061.113,98.7,0.118
8.045,54.5,26920.43,98.8,0.172
16.892,50.0,21080.918,98.9,0.363
33.278,52.4,14167.412,99.0,0.615
0.247,52.6,23094.258,99.0,0.013
0.501,47.4,13091.953,99.1,0.031
1.003,50.0,15115.84,99.2,0.057
1.989,60.0,23421.895,99.3,0.061
3.915,55.0,10302.598,99.4,0.104
8.045,55.0,13083.135,99.5,0.156
16.892,47.4,16310.01,99.6,0.324
33.278,50.0,23903.438,99.7,0.59
0.247,55.0,18350.479,99.8,0.015
0.501,47.4,15875.088,99.9,0.013
1.003,50.0,14929.814,100.0,0.056
1.989,55.0,13693.477,99.1,0.069
3.915,47.4,12786.592,99.2,0.082
8.045,52.6,11668.604,99.3,0.151
16.892,50.0,21661.758,99.4,0.313
33.278,50.0,19576.289,99.5,0.593
0.247,44.4,13681.289,99.5,0.013
0.501,50.0,22305.762,99.6,0.016
1.003,50.0,16278.223,99.7,0.036
1.989,50.0,29594.824,99.8,0.055
3.915,52.4,12672.158,99.9,0.09
8.045,52.4,17121.035,99.8,0.169
16.892,50.0,13137.744,99.9,0.339
33.278,50.0,21705.908,99.9,0.622
0.247,50.0,37624.365,100.0,0.02
0.501,52.4,14937.656,96.6,0.013
1.003,47.4,25633.271,96.7,0.03
1.989,52.6,12382.178,96.8,0.079
3.915,52.4,13963.975,96.9,0.098
8.045,50.0,16486.816,96.9,0.154
16.892,50.0,25660.049,97.0,0.292
33.278,47.4,21302.813,97.1,0.591
0.247,50.0,15137.52,97.2,0.016
0.501,50.0,13980.146,97.3,0.03
1.003,52.4,10745.303,97.4,0.041
1.989,47.4,9875.684,97.5,0.07
3.915,55.0,13318.447,97.6,0.114
8.045,55.0,13194.873,97.7,0.165
16.892,44.4,18747.959,97.7,0.292
33.278,52.4,12095.459,97.8,0.575
0.247,68.4,17615.771,97.9,0.011
0.501,52.6,16833.115,98.0,0.017
1.003,50.0,12321.768,98.1,0.041
1.989,50.0,17574.609,98.2,0.051
3.915,52.6,18970.361,98.3,0.082
8.045,52.6,10115.713,98.4,0.17
16.892,50.0,21356.865,98.4,0.364
33.278,50.0,18436.816,98.5,0.628
0.247,57.1,15497.168,98.6,0.009
0.501,50.0,16776.768,98.7,0.022
1.003,50.0,18102.373,98.8,0.026
1.989,50.0,21653.174,98.9,0.056
3.915,52.6,20653.047,99.0,0.09
8.045,52.6,28130.566,99.1,0.164
16.892,50.0,16802.314,99.2,0.32
33.278,52.4,16615.986,99.2,0.555
0.247,47.4,16222.754,99.3,0.009
0.501,52.6,16048.74,99.4,0.032
1.003,52.6,13339.277,99.5,0.064
1.989,50.0,13163.73,99.6,0.05
3.915,47.4,13199.004,99.7,0.088
8.045,50.0,20297.725,99.8,0.157
16.892,47.4,19329.756,99.9,0.284
33.278,60.0,19630.371,100.0,0.597
0.247,47.4,16198.77,99.1,0.017
0.501,90.5,10466.895,99.2,0.017
1.003,50.0,17153.467,99.3,0.033
1.989,55.0,9455.42,99.4,0.066
3.915,55.0,24854.473,99.5,0.089
8.045,50.0,15802.09,99.6,0.155
16.892,55.0,11193.75,99.7,0.317
33.278,52.6,13497.598,99.7,0.577
0.247,47.4,12171.738,99.8,0.009
0.501,47.4,12381.387,99.9,0.021
1.003,52.6,16808.643,99.8,0.052
1.989,50.0,13579.951,99.9,0.067
3.915,47.4,13671.24,99.9,0.096
8.045,52.6,10537.939,100.0,0.185
16.892,47.1,13766.514,96.7,0.309
33.278,50.0,17785.137,96.8,0.572
0.247,52.6,12448.652,96.9,0.035
0.501,52.4,14977.559,97.0,0.02
1.003,44.4,13396.055,97.1,0.028
1.989,52.6,15527.051,97.1,0.042
3.915,90.5,18878.027,97.2,0.103
8.045,47.4,8173.008,97.3,0.197
16.892,50.0,14000.215,97.4,0.307
33.278,52.4,9741.943,97.5,0.605
0.247,50.0,13285.928,97.6,0.011
0.501,52.6,22531.846,97.6,0.018
1.003,47.4,13922.725,97.7,0.051
1.989,50.0,19977.715,97.8,0.051
3.915,52.4,16459.482,97.9,0.096
8.045,52.4,20174.502,98.0,0.157
16.892,44.4,24584.199,98.1,0.346
33.278,50.0,19641.357,98.2,0.574
0.247,50.0,8653.477,98.2,0.018
0.501,50.0,19629.932,98.3,0.017
1.003,52.4,15084.844,98.4,0.046
1.989,52.6,33464.326,98.5,0.071
3.915,55.0,12284.795,98.6,0.079
8.045,52.4,16460.244,98.7,0.188
16.892,50.0,30544.365,98.8,0.328
33.278,50.0,29463.252,98.8,0.59
0.247,50.0,20596.436,98.9,0.008
0.501,47.4,16616.191,99.0,0.026
1.003,55.0,10487.93,99.1,0.042
1.989,50.0,15125.918,99.2,0.061
3.915,52.4,11221.348,99.3,0.093
8.045,52.6,15600.762,99.4,0.17
16.892,57.1,22191.24,99.4,0.321
33.278,50.0,13758.486,99.5,0.617
0.247,47.4,19187.158,99.6,0.009
0.501,55.0,13750.107,99.7,0.019
1.003,55.0,16103.438,99.8,0.027
1.989,52.4,14495.244,99.9,0.057
3.915,50.0,10829.561,100.0,0.103
8.045,47.4,16092.529,99.2,0.157
16.892,50.0,17962.529,99.2,0.299
33.278,50.0,23147.285,99.3,0.608
0.247,50.0,8779.951,99.4,0.021
0.501,50.0,13956.328,99.5,0.017
1.003,57.1,15727.793,99.6,0.037
1.989,52.4,33398.848,99.7,0.061
3.915,47.4,12379.922,99.7,0.088
8.045,50.0,12564.844,99.8,0.175
16.892,52.4,29568.955,99.9,0.321
33.278,50.0,25978.799,99.8,0.63
0.247,52.6,15200.186,99.9,0.014
0.501,52.6,14438.057,100.0,0.034
1.003,47.4,17203.242,100.0,0.036
1.989,52.6,16492.617,96.8,0.079
3.915,52.4,18777.246,96.9,0.096
8.045,50.0,14094.492,97.0,0.165
16.892,47.4,15523.008,97.1,0.333
33.278,52.4,23419.131,97.1,0.576
0.247,47.4,15593.262,97.2,0.012
0.501,50.0,17423.936,97.3,0.022
1.003,44.4,16313.789,97.4,0.033
1.989,47.4,16701.973,97.5,0.053
3.915,47.4,16813.359,97.6,0.081
8.045,52.6,7102.881,97.6,0.155
16.892,47.4,14437.266,97.7,0.33
33.278,50.0,11702.813,97.8,0.604
0.247,50.0,20996.387,97.9,0.013
0.501,52.4,11431.201,98.0,0.017
1.003,50.0,18741.094,98.0,0.024
1.989,50.0,13001.133,98.1,0.054
3.915,55.0,16132.715,98.2,0.081
8.045,52.4,14809.775,98.3,0.192
16.892,52.6,17939.619,98.4,0.292
33.278,47.4,12760.693,98.5,0.594
0.247,47.4,29213.613,98.5,0.012
0.501,50.0,18260.01,98.6,0.016
1.003,44.4,9511.113,98.7,0.049
1.989,55.0,17556.064,98.8,0.051
3.915,52.6,19855.518,98.9,0.1
8.045,52.4,14514.639,99.0,0.145
16.892,44.4,20539.014,99.0,0.288
33.278,47.4,25628.428,99.1,0.57
3.915,47.4,13267.676,99.2,0.086
0.242,57.9,575018.301,85.4,0.007
0.499,47.4,679746.055,86.1,0.033
0.994,55.0,558710.371,86.9,0.033
2.012,55.0,697558.203,87.7,0.052
3.955,52.6,577132.48,88.4,0.113
8.072,52.6,558263.184,89.2,0.167
15.996,52.6,419538.164,90.0,0.328
31.785,57.9,675610.469,90.7,0.565
0.242,52.6,631750.703,91.5,0.012
0.499,100.0,631768.672,92.3,0.021
0.994,52.6,697551.641,93.1,0.024
2.012,52.6,491988.086,93.8,0.075
3.955,57.9,673221.074,94.6,0.085
8.072,61.1,550777.188,95.4,0.173
15.996,52.6,579863.984,96.1,0.357
31.785,57.9,618568.32,96.9,0.635
0.242,52.6,659115.684,97.7,0.008
0.499,57.9,558519.531,98.4,0.018
0.994,55.0,590213.477,95.5,0.038
2.012,55.6,580805.898,96.3,0.052
3.955,52.6,601379.863,97.0,0.09
8.072,55.6,581673.145,97.8,0.172
15.996,52.6,584849.023,98.5,0.331
31.785,55.6,558079.141,99.3,0.573
0.242,55.6,644902.637,98.9,0.021
0.499,55.0,666022.422,99.6,0.031
0.994,52.6,418597.324,77.2,0.04
2.012,55.6,697740.742,77.8,0.05
3.955,55.0,682035.371,78.4,0.094
8.072,52.6,671081.621,79.0,0.154
15.996,55.0,428537.051,79.6,0.327
31.785,55.0,527185.234,80.2,0.629
0.242,57.9,585809.746,80.7,0.014
0.499,59.1,602499.18,81.4,0.024
0.994,57.9,668617.48,81.9,0.03
2.012,55.0,601958.184,82.6,0.057
3.955,52.6,603916.973,83.1,0.118
8.072,57.9,658346.621,83.7,0.157
15.996,52.6,558210.977,84.3,0.291
31.785,52.6,697777.168,84.9,0.592
0.242,52.6,648175.801,85.5,0.025
0.499,52.6,551111.934,86.1,0.036
0.994,57.1,626161.328,86.7,0.02
2.012,52.6,595290.254,87.3,0.05
3.955,55.0,523408.652,87.9,0.104
8.072,57.9,456614.219,88.5,0.158
15.996,50.0,603708.145,89.1,0.301
31.785,57.1,596862.969,89.7,0.6
0.242,50.0,531905.02,90.3,0.021
0.499,55.6,421081.113,90.9,0.017
0.994,57.9,480208.301,91.5,0.034
2.012,52.6,615937.461,92.1,0.061
3.955,52.6,575364.883,92.7,0.119
8.072,52.6,419676.738,93.3,0.156
15.996,52.6,470927.402,93.9,0.292
31.785,60.0,434828.379,94.5,0.627
0.242,55.0,447666.074,95.1,0.011
0.499,52.6,558377.148,95.7,0.035
0.994,60.0,508250.684,96.3,0.035
2.012,55.6,580384.199,96.9,0.073
3.955,57.9,544515.098,97.5,0.088
8.072,52.6,682428.594,98.0,0.168
15.996,55.0,670222.988,98.6,0.293
31.785,52.6,460937.969,99.2,0.563
0.242,55.0,721472.305,93.7,0.011
0.499,50.0,419065.195,94.2,0.029
0.994,52.6,449955.332,94.8,0.028
2.012,52.6,677925.723,95.4,0.047
3.955,55.0,504668.77,96.0,0.083
8.072,55.0,651561.309,96.6,0.155
15.996,57.9,558337.637,97.2,0.29
31.785,50.0,592410.605,97.8,0.6
0.242,50.0,558046.445,98.4,0.029
0.499,52.6,474930.684,99.0,0.033
0.994,52.6,482941.914,99.6,0.047
2.012,55.6,619598.77,98.5,0.065
3.955,55.6,547420.156,99.1,0.084
8.072,55.6,598259.512,99.7,0.158
15.996,52.6,479000.156,99.8,0.317
31.785,52.6,631531.797,81.5,0.64
0.242,55.6,463876.094,82.0,0.01
0.499,52.6,697694.727,82.4,0.015
0.994,52.6,555129.238,82.9,0.028
2.012,57.9,583649.746,83.4,0.076
3.955,52.6,518653.535,83.9,0.104
8.072,52.6,612993.594,84.4,0.147
15.996,52.6,541405.547,84.8,0.321
31.785,57.9,493145.488,85.3,0.578
0.242,55.0,576719.961,85.8,0.011
0.499,52.6,655686.465,86.3,0.015
0.994,55.0,658837.52,86.8,0.057
2.012,60.0,513953.672,87.2,0.061
3.955,55.6,558288.184,87.7,0.115
8.072,55.0,587858.594,88.2,0.155
15.996,52.6,589163.477,88.7,0.294
31.785,47.1,558165.391,89.2,0.58
0.242,52.6,712582.988,89.7,0.025
0.499,55.0,536274.609,90.2,0.015
0.994,52.6,683832.324,90.7,0.029
2.012,52.6,662029.668,91.1,0.049
3.955,57.9,558175.645,91.6,0.086
8.072,55.0,560673.594,92.1,0.158
15.996,55.0,697682.305,92.6,0.34
31.785,55.6,596298.242,93.1,0.654
0.242,50.0,655922.539,93.6,0.01
0.499,52.6,591908.105,94.0,0.033
0.994,52.6,558126.25,94.5,0.031
2.012,55.0,596594.707,95.0,0.067
3.955,55.6,664450.215,95.5,0.077
8.072,52.6,446739.531,96.0,0.19
15.996,52.6,529307.637,96.5,0.322
31.785,57.1,697722.793,97.0,0.643
0.242,55.0,666025.254,97.4,0.023
0.499,55.0,551077.012,97.9,0.019
0.994,55.0,418549.883,98.4,0.038
2.012,57.1,689044.59,98.9,0.06
3.955,55.0,588694.141,99.4,0.095
8.072,52.4,645748.691,94.8,0.162
15.996,55.0,611430.625,95.3,0.301
31.785,55.0,659448.184,95.8,0.556
0.242,57.9,525234.004,96.3,0.008
0.499,52.6,697573.496,96.7,0.037
0.994,50.0,638800.352,97.2,0.035
2.012,52.6,697741.543,97.7,0.065
3.955,65.0,469357.051,98.2,0.112
8.072,57.9,691116.309,98.7,0.177
15.996,52.6,596876.387,99.2,0.292
31.785,55.0,551235.566,99.6,0.568
0.242,55.6,494957.168,98.8,0.009
0.499,52.6,633938.301,99.3,0.02
0.994,52.6,472329.258,99.7,0.028
2.012,50.0,657685.449,99.8,0.06
3.955,52.6,508738.066,84.4,0.129
8.072,55.0,600635.254,84.8,0.189
15.996,55.0,677283.848,85.2,0.3
31.785,55.0,648316.543,85.6,0.576
0.242,55.0,574364.258,86.0,0.013
0.499,57.1,585802.578,86.4,0.033
0.994,52.6,653346.074,86.8,0.042
2.012,52.6,618117.813,87.2,0.053
3.955,55.6,608663.691,87.6,0.089
8.072,52.6,573534.297,88.0,0.172
15.996,55.0,605475.137,88.4,0.29
31.785,57.9,697591.191,88.8,0.607
0.242,50.0,486889.141,89.2,0.013
0.499,60.0,684824.082,89.6,0.013
0.994,55.0,558100.762,90.0,0.048
2.012,57.1,645159.746,90.4,0.057
3.955,52.6,665376.582,90.8,0.091
8.072,52.9,656834.551,91.3,0.184
15.996,55.0,669358.164,91.7,0.302
31.785,57.9,449317.383,92.1,0.595
0.242,55.0,469694.395,92.5,0.016
0.499,52.6,557372.734,92.9,0.043
0.994,52.6,697607.012,93.3,0.025
2.012,55.6,571518.242,93.7,0.075
3.955,55.0,697664.727,94.1,0.081
8.072,58.8,566620.234,94.5,0.161
15.996,55.0,522935.449,94.9,0.301
31.785,55.6,532612.207,95.3,0.62
0.242,55.0,611155.41,95.8,0.018
0.499,55.0,575645.469,96.2,0.015
0.994,55.0,697551.289,96.6,0.027
2.012,55.0,549762.852,97.0,0.058
3.955,55.0,697584.57,97.4,0.089
8.072,55.0,690396.426,97.8,0.154
15.996,55.0,566149.512,98.2,0.305
31.785,52.6,558177.52,98.6,0.568
0.242,57.9,558276.016,99.0,0.011
0.499,55.0,558109.727,99.4,0.019
0.994,55.0,577636.191,99.8,0.041
2.012,55.6,697569.512,96.0,0.044
3.955,55.0,680381.758,96.4,0.096
8.072,55.0,618511.543,96.8,0.162
15.996,52.4,680502.5,97.2,0.352
31.785,52.6,558031.445,97.6,0.601
0.242,55.0,697708.984,98.0,0.012
0.499,55.0,635032.715,98.4,0.022
0.994,52.6,644104.551,98.8,0.041
2.012,55.0,518795.273,99.2,0.045
3.955,55.0,584509.668,99.6,0.106
8.072,52.6,467408.848,99.0,0.149
15.996,52.6,645519.707,99.4,0.302
31.785,55.0,601102.422,99.8,0.578
0.242,55.0,529948.516,99.9,0.035
0.499,52.6,665482.637,86.5,0.018
0.994,52.4,691254.336,86.8,0.026
2.012,57.9,559724.902,87.2,0.047
3.955,55.0,495660.039,87.5,0.08
8.072,52.6,606866.523,87.9,0.185
15.996,55.0,588079.434,88.2,0.311
31.785,55.0,501486.426,88.6,0.632
0.242,55.0,625102.227,88.9,0.013
0.499,52.6,695572.754,89.3,0.015
0.994,57.1,633819.414,89.6,0.03
2.012,55.6,666104.258,90.0,0.056
3.955,55.0,697683.125,90.3,0.087
8.072,55.6,638652.5,90.7,0.157
15.996,60.0,695933.066,91.0,0.344
31.785,55.0,618703.926,91.4,0.58
0.242,55.0,660746.406,91.7,0.008
0.499,50.0,559641.895,92.1,0.026
0.994,55.6,656342.383,92.4,0.037
2.012,55.6,549946.387,92.8,0.061
3.955,55.0,644424.414,93.1,0.093
8.072,55.0,689794.707,93.5,0.162
15.996,55.0,560751.855,93.8,0.297
31.785,57.1,671722.461,94.2,0.578
0.242,52.6,558125.254,94.5,0.012
0.499,55.0,571136.855,94.9,0.017
0.994,52.6,513691.465,95.2,0.042
2.012,57.9,558122.324,95.6,0.077
3.955,57.1,708265.215,95.9,0.089
8.072,52.6,632749.941,96.3,0.161
15.996,55.0,672821.582,96.6,0.279
31.785,55.0,619318.398,97.0,0.588
0.242,57.1,600672.871,97.3,0.009
0.499,55.0,628869.336,97.7,0.021
0.994,57.1,671721.055,98.1,0.027
2.012,55.0,638900.996,98.4,0.069
3.955,52.6,535444.375,98.8,0.092
8.072,55.0,595550.176,99.1,0.213
15.996,55.0,649604.277,99.5,0.307
31.785,55.6,667729.258,99.8,0.587
0.242,55.0,673372.285,96.5,0.012
0.499,52.6,678865.352,96.9,0.022
0.994,60.0,547525.879,97.2,0.025
2.012,55.0,632799.98,97.6,0.059
3.955,57.9,613578.438,97.9,0.123
8.072,52.6,653992.363,98.3,0.165
15.996,55.0,627248.477,98.6,0.346
31.785,52.6,614941.309,99.0,0.618
0.242,55.6,468173.359,99.3,0.011
0.499,57.9,557990.352,99.7,0.019
0.994,57.9,633829.316,99.1,0.037
2.012,55.0,558057.637,99.5,0.063
3.955,57.9,627214.648,99.8,0.089
8.072,52.6,647028.789,99.9,0.169
15.996,55.6,559071.426,88.1,0.32
31.785,52.6,418627.91,88.4,0.567
0.242,60.0,672860.234,88.7,0.014
0.499,57.9,562653.73,89.0,0.017
0.994,60.0,528881.992,89.4,0.044
2.012,52.6,478151.699,89.7,0.048
3.955,60.0,591297.52,90.0,0.09
8.072,55.6,690147.5,90.3,0.165
15.996,55.0,557998.809,90.6,0.302
31.785,55.0,678331.973,90.9,0.568
0.242,55.0,580353.906,91.2,0.007
0.499,57.9,558402.461,91.5,0.024
0.994,55.0,647951.582,91.8,0.056
2.012,55.0,460928.555,92.1,0.088
3.955,52.6,523621.934,92.4,0.098
8.072,55.0,697590.313,92.7,0.17
15.996,52.6,558043.809,93.0,0.303
31.785,57.9,643993.926,93.3,0.565
0.242,52.6,691119.941,93.7,0.009
0.499,55.6,568194.883,94.0,0.015
0.994,50.0,697534.297,94.3,0.025
2.012,52.6,634372.715,94.6,0.056
3.955,55.0,660524.727,94.9,0.087
8.072,55.0,594199.082,95.2,0.156
15.996,57.9,527674.785,95.5,0.359
31.785,52.6,503774.629,95.8,0.578
0.242,52.6,482255.898,96.1,0.009
0.499,61.1,481378.066,96.5,0.018
0.994,52.6,641957.773,96.8,0.031
2.012,57.9,592081.016,97.1,0.065
3.955,57.1,546140.898,97.4,0.1
8.072,61.9,558066.191,97.7,0.169
15.996,55.0,558060.625,98.0,0.291
31.785,55.6,599879.277,98.3,0.672
0.242,55.0,662205.449,98.6,0.011
0.499,57.9,604887.754,98.9,0.025
0.994,55.0,558176.641,99.2,0.032
2.012,52.6,586344.16,99.6,0.06
3.955,52.6,474433.574,99.9,0.101
8.072,57.9,567699.824,97.0,0.174
15.996,57.9,570213.438,97.3,0.287
31.785,50.0,589145.938,97.6,0.568
0.242,55.0,581201.152,97.9,0.011
0.499,55.0,492218.184,98.2,0.024
0.994,55.6,573419.16,98.5,0.033
2.012,55.0,548011.152,98.8,0.047
3.955,60.0,670423.438,99.1,0.099
8.072,55.6,601303.672,99.4,0.168
15.996,57.9,655651.191,99.7,0.304
31.785,52.6,513941.367,99.2,0.657
0.242,55.0,675265.469,99.5,0.012
0.499,55.6,557786.934,99.8,0.031
0.994,52.6,602552.129,99.9,0.069
2.012,55.0,665958.008,89.4,0.046
3.955,52.6,676889.98,89.7,0.11
8.072,55.0,448230.762,89.9,0.225
15.996,57.1,656838.301,90.2,0.291
31.785,60.0,697528.672,90.5,0.566
0.242,52.6,584060.918,90.8,0.012
0.499,52.6,694773.887,91.0,0.039
0.994,52.6,558334.375,91.3,0.029
2.012,52.6,503134.512,91.6,0.041
3.955,57.9,558758.242,91.9,0.114
8.072,55.0,554230.605,92.1,0.184
15.996,52.6,704689.16,92.4,0.288
31.785,55.0,612526.25,92.7,0.565
0.242,55.0,565802.148,93.0,0.014
0.499,55.0,558283.008,93.2,0.027
0.994,57.9,501030.625,93.5,0.032
2.012,52.6,697609.063,93.8,0.05
3.955,52.6,677815.684,94.1,0.108
8.072,55.0,677637.93,94.3,0.227
15.996,55.0,609896.895,94.6,0.303
31.785,52.6,558200.02,94.9,0.648
0.242,57.9,689990.176,95.2,0.012
0.499,52.6,558044.512,95.4,0.028
0.994,57.9,697561.836,95.7,0.035
2.012,52.4,660519.941,96.0,0.052
3.955,57.9,614218.574,96.3,0.103
8.072,57.1,697568.516,96.5,0.155
15.996,55.0,558185.664,96.8,0.298
31.785,55.0,694869.336,97.1,0.583
3.955,52.6,558127.773,97.4,0.096
0.234,94.7,3810.43,94.9,0.012
0.486,95.0,7160.01,95.2,0.018
1.015,85.0,4761.426,95.4,0.057
2.078,95.5,5717.578,95.7,0.05
3.959,88.9,4305.244,96.0,0.099
8.225,95.0,8116.162,96.2,0.175
16.085,89.5,5237.568,96.5,0.333
32.072,90.5,8166.553,96.8,0.587
0.234,90.0,6666.641,97.0,0.01
0.486,85.7,6683.867,97.3,0.022
1.015,94.7,6207.725,97.6,0.045
2.078,90.5,6189.854,97.8,0.069
3.959,89.5,7671.895,98.1,0.123
8.225,95.2,6665.996,98.4,0.152
16.085,90.0,8113.35,98.6,0.347
32.072,90.0,9064.58,98.9,0.628
0.234,89.5,4285.283,99.2,0.036
0.486,89.5,6665.996,99.4,0.02
1.015,80.0,6189.854,98.4,0.034
2.078,85.0,6683.75,98.7,0.072
3.959,90.5,7142.139,99.0,0.081
8.225,90.5,8570.566,99.2,0.184
16.085,94.4,6665.996,99.5,0.36
32.072,85.0,4764.004,99.8,0.594
0.234,95.2,5238.213,99.6,0.029
0.486,94.7,7638.73,99.9,0.03
1.015,94.4,8095.068,90.7,0.022
2.078,95.0,6189.854,90.9,0.059
3.959,95.0,5716.289,91.2,0.107
8.225,95.0,9065.752,91.4,0.154
16.085,89.5,6701.621,91.7,0.346
32.072,94.4,8570.566,91.9,0.601
0.234,94.7,7614.902,92.2,0.009
0.486,100.0,7160.01,92.4,0.017
1.015,90.5,8094.424,92.6,0.042
2.078,94.7,5713.711,92.9,0.075
3.959,90.0,5713.711,93.1,0.088
8.225,89.5,8113.467,93.4,0.152
16.085,94.4,8573.145,93.6,0.304
32.072,90.5,7618.281,93.8,0.677
0.234,95.0,8606.074,94.1,0.036
0.486,94.7,6738.818,94.3,0.017
1.015,89.5,5713.711,94.6,0.03
2.078,85.0,7142.139,94.8,0.055
3.959,90.0,7636.797,95.0,0.083
8.225,90.0,8569.277,95.3,0.208
16.085,90.5,8094.424,95.5,0.322
32.072,94.4,9522.852,95.8,0.542
0.234,89.5,7144.229,96.0,0.031
0.486,95.0,6189.854,96.3,0.016
1.015,85.0,6210.303,96.5,0.038
2.078,88.9,6665.996,96.7,0.05
3.959,88.9,5237.568,97.0,0.095
8.225,90.5,7618.281,97.2,0.155
16.085,89.5,7175.146,97.5,0.282
32.072,95.5,7618.281,97.7,0.655
0.234,90.0,6189.854,98.0,0.008
0.486,90.5,7654.023,98.2,0.016
1.015,90.0,6207.725,98.4,0.037
2.078,95.0,8095.713,98.7,0.058
3.959,90.0,4761.426,98.9,0.141
8.225,90.0,7140.85,99.2,0.163
16.085,90.5,5237.568,99.4,0.343
32.072,95.0,8112.295,99.7,0.569
0.234,84.2,5715.645,99.9,0.01
0.486,95.0,9049.287,97.6,0.02
1.015,90.9,8570.566,97.9,0.035
2.078,89.5,7618.281,98.1,0.046
3.959,89.5,5715.0,98.3,0.089
8.225,84.2,8094.424,98.6,0.199
16.085,90.0,5730.293,98.8,0.345
32.072,90.0,7142.139,99.1,0.829
0.234,90.0,7142.139,99.3,0.016
0.486,90.0,8588.438,99.5,0.018
1.015,94.7,5713.711,99.8,0.057
2.078,95.0,6668.574,99.4,0.098
3.959,90.0,6207.725,99.6,0.1
8.225,90.0,6192.432,99.9,0.152
16.085,85.0,5235.479,99.9,0.336
32.072,94.4,6189.854,91.5,0.664
0.234,95.0,7654.023,91.7,0.01
0.486,90.5,5734.16,91.9,0.02
1.015,84.2,5713.711,92.2,0.037
2.078,89.5,7651.289,92.4,0.045
3.959,94.4,8135.322,92.6,0.088
8.225,90.0,8148.037,92.8,0.171
16.085,90.5,6684.512,93.0,0.313
32.072,94.7,7177.881,93.3,0.666
0.234,85.0,7654.023,93.5,0.013
0.486,95.2,7160.01,93.7,0.041
1.015,88.9,5237.568,93.9,0.046
2.078,89.5,8606.309,94.1,0.042
3.959,90.5,9049.287,94.4,0.083
8.225,95.0,5608.262,94.6,0.17
16.085,95.0,8165.791,94.8,0.333
32.072,95.0,6665.996,95.0,0.588
0.234,94.7,7144.717,95.2,0.014
0.486,95.0,5237.568,95.5,0.02
1.015,85.0,4761.426,95.7,0.048
2.078,95.0,7160.01,95.9,0.06
3.959,85.0,5255.439,96.1,0.107
8.225,95.0,9545.879,96.4,0.153
16.085,90.5,5238.857,96.6,0.322
32.072,90.0,5414.502,96.8,0.596
0.234,90.5,8112.178,97.0,0.011
0.486,94.7,6684.238,97.2,0.02
1.015,85.0,9043.975,97.5,0.028
2.078,89.5,4797.168,97.7,0.065
3.959,90.0,6189.854,97.9,0.087
8.225,85.0,7142.139,98.1,0.141
16.085,78.9,6668.574,98.4,0.317
32.072,90.0,6189.854,98.6,0.58
0.234,95.0,5237.568,98.8,0.022
0.486,100.0,5242.725,99.0,0.037
1.015,94.7,5712.422,99.2,0.065
2.078,90.0,8570.566,99.5,0.085
3.959,89.5,5242.197,99.7,0.162
8.225,95.0,9521.563,99.9,0.146
16.085,94.7,8729.629,97.8,0.308
32.072,94.7,8588.438,98.0,0.579
0.234,94.7,9082.451,98.3,0.015
0.486,94.7,5574.609,98.5,0.035
1.015,95.2,5255.439,98.7,0.056
2.078,94.7,6243.232,98.9,0.049
3.959,95.2,4761.426,99.1,0.106
8.225,90.5,7197.842,99.3,0.153
16.085,85.0,4761.426,99.6,0.373
32.072,90.0,6189.854,99.8,0.598
0.234,90.0,6665.996,99.4,0.038
0.486,84.2,6189.854,99.7,0.011
1.015,95.2,8093.135,99.9,0.049
2.078,90.5,5749.453,99.9,0.051
3.959,84.2,9046.709,92.2,0.081
8.225,94.4,8570.566,92.4,0.148
16.085,94.4,7618.281,92.6,0.309
32.072,90.5,7160.01,92.8,0.666
0.234,90.0,7177.764,93.0,0.008
0.486,90.5,8570.566,93.2,0.049
1.015,85.0,6665.996,93.4,0.024
2.078,89.5,6189.854,93.6,0.06
3.959,94.7,5237.568,93.8,0.1
8.225,94.7,6683.867,94.0,0.176
16.085,94.4,6665.996,94.2,0.316
32.072,84.2,10032.002,94.4,0.541
0.234,95.0,8094.424,94.6,0.01
0.486,94.7,8094.424,94.8,0.04
1.015,85.0,5237.568,95.0,0.045
2.078,89.5,4285.283,95.2,0.075
3.959,90.5,7142.139,95.4,0.092
8.225,95.0,7618.281,95.6,0.196
16.085,95.0,6261.338,95.8,0.347
32.072,89.5,7196.24,96.0,0.569
0.234,85.0,6206.436,96.2,0.008
0.486,95.0,7970.459,96.4,0.026
1.015,94.7,9082.451,96.6,0.062
2.078,95.2,5731.465,96.8,0.066
3.959,100.0,5713.711,97.0,0.121
8.225,89.5,6197.588,97.2,0.193
16.085,90.5,7162.471,97.5,0.287
32.072,90.0,5715.801,97.7,0.642
0.234,90.0,6194.365,97.9,0.026
0.486,95.0,9063.291,98.1,0.019
1.015,85.7,8130.049,98.3,0.037
2.078,95.0,5715.801,98.5,0.056
3.959,83.3,6683.75,98.7,0.1
8.225,90.0,7636.152,98.9,0.165
16.085,83.3,6207.725,99.1,0.329
32.072,89.5,8092.334,99.3,0.635
0.234,85.0,8095.068,99.5,0.008
0.486,89.5,8586.348,99.7,0.021
1.015,84.2,6191.143,99.9,0.023
2.078,94.7,5378.76,98.0,0.076
3.959,90.5,6665.996,98.2,0.111
8.225,94.4,7142.783,98.4,0.187
16.085,100.0,5573.164,98.6,0.315
32.072,95.2,5255.439,98.8,0.583
0.234,89.5,8130.166,99.0,0.015
0.486,90.0,5713.711,99.2,0.021
1.015,95.2,7142.139,99.4,0.043
2.078,94.7,7955.811,99.6,0.067
3.959,100.0,6189.854,99.8,0.084
8.225,90.0,9046.709,99.5,0.17
16.085,90.0,3809.141,99.7,0.405
32.072,95.0,7618.281,99.9,0.743
0.234,90.0,9205.771,99.9,0.036
0.486,89.5,5713.711,92.7,0.053
1.015,94.7,7618.281,92.9,0.031
2.078,90.0,8606.309,93.1,0.057
3.959,95.0,9540.723,93.3,0.087
8.225,90.0,6191.143,93.5,0.215
16.085,90.9,8114.873,93.7,0.352
32.072,95.0,8567.832,93.9,0.634
0.234,94.7,5240.146,94.1,0.018
0.486,90.0,7777.344,94.2,0.03
1.015,88.9,8094.424,94.4,0.041
2.078,90.5,8588.32,94.6,0.056
3.959,95.2,5734.16,94.8,0.096
8.225,85.0,8443.672,95.0,0.158
16.085,90.9,7140.85,95.2,0.316
32.072,95.0,7618.281,95.4,0.699
0.234,89.5,8112.295,95.6,0.021
0.486,85.0,6665.996,95.7,0.012
1.015,95.2,7618.281,95.9,0.044
2.078,84.2,5237.568,96.1,0.067
3.959,95.0,6685.156,96.3,0.098
8.225,95.2,7618.281,96.5,0.175
16.085,94.7,6665.996,96.7,0.388
32.072,83.3,6207.725,96.9,0.657
0.234,84.2,6740.059,97.1,0.014
0.486,85.0,7638.73,97.3,0.027
1.015,94.4,5237.568,97.4,0.036
2.078,95.2,9046.709,97.6,0.052
3.959,90.0,5240.146,97.8,0.088
8.225,94.4,5711.621,98.0,0.175
16.085,89.5,8112.178,98.2,0.357
32.072,89.5,6668.047,98.4,0.549
0.234,89.5,7618.281,98.6,0.013
0.486,90.5,5731.582,98.8,0.025
1.015,85.7,8573.145,99.0,0.032
2.078,95.0,6701.738,99.1,0.063
3.959,94.7,8732.207,99.3,0.086
8.225,83.3,5255.439,99.5,0.177
16.085,95.0,6665.996,99.7,0.307
32.072,95.0,6225.479,99.9,0.622
0.234,84.2,6665.996,98.1,0.011
0.486,84.2,5752.031,98.3,0.036
1.015,89.5,8571.777,98.5,0.049
2.078,94.7,5752.031,98.7,0.06
3.959,90.0,5238.857,98.9,0.122
8.225,94.7,8094.424,99.1,0.169
16.085,100.0,6192.432,99.3,0.269
32.072,95.0,5713.711,99.4,0.642
0.234,83.3,5607.617,99.6,0.014
0.486,94.7,7618.281,99.8,0.018
1.015,85.7,8573.145,99.5,0.031
2.078,90.0,8610.176,99.7,0.04
3.959,88.9,5767.324,99.9,0.092
8.225,90.0,5749.336,99.9,0.191
16.085,88.9,7160.01,93.3,0.289
32.072,88.9,7622.148,93.4,0.563
0.234,94.7,6190.498,93.6,0.011
0.486,90.0,8573.301,93.8,0.014
1.015,94.4,8588.438,94.0,0.047
2.078,85.7,6189.854,94.1,0.053
3.959,85.0,7142.139,94.3,0.101
8.225,89.5,6701.738,94.5,0.201
16.085,89.5,5713.711,94.7,0.35
32.072,90.5,7142.139,94.8,0.697
0.234,95.2,6665.996,95.0,0.04
0.486,95.0,8093.135,95.2,0.024
1.015,94.7,6665.996,95.4,0.065
2.078,83.3,6666.641,95.5,0.05
3.959,90.0,7142.139,95.7,0.125
8.225,95.2,9046.709,95.9,0.178
16.085,89.5,4762.715,96.0,0.351
32.072,89.5,8712.402,96.2,0.645
0.234,89.5,5713.711,96.4,0.015
0.486,85.0,7283.33,96.6,0.054
1.015,89.5,6686.328,96.8,0.053
2.078,90.0,5733.672,96.9,0.076
3.959,94.7,5730.293,97.1,0.115
8.225,88.9,8588.32,97.3,0.168
16.085,95.0,6683.867,97.5,0.273
32.072,95.0,5731.582,97.6,0.641
0.234,94.7,5767.324,97.8,0.018
0.486,89.5,8588.438,98.0,0.04
1.015,94.4,8148.682,98.2,0.049
2.078,89.5,9520.762,98.3,0.068
3.959,95.2,6682.578,98.5,0.105
8.225,90.0,7074.473,98.7,0.149
16.085,90.0,8570.566,98.9,0.333
32.072,90.0,6665.996,99.0,0.568
0.234,94.7,7617.637,99.2,0.019
0.486,89.5,6189.854,99.4,0.049
1.015,90.5,5734.043,99.6,0.064
2.078,85.7,6192.432,99.7,0.076
3.959,80.0,8094.424,99.9,0.113
8.225,90.0,8130.166,98.3,0.148
16.085,90.0,8147.92,98.5,0.281
32.072,90.0,6207.725,98.6,0.604
0.234,94.7,5235.479,98.8,0.021
0.486,95.2,5237.568,99.0,0.04
1.015,94.7,6665.996,99.1,0.062
2.078,95.0,9046.709,99.3,0.055
3.959,94.7,5718.223,99.5,0.107
8.225,89.5,7634.863,99.7,0.154
16.085,90.0,6209.814,99.8,0.292
32.072,90.5,8112.295,99.6,0.597
0.234,83.3,6666.641,99.7,0.027
0.486,94.4,5732.871,99.9,0.044
1.015,94.7,7142.139,99.9,0.033
2.078,89.5,7616.992,93.7,0.053
3.959,90.5,8094.424,93.8,0.087
8.225,90.0,8588.438,94.0,0.148
16.085,84.2,8112.295,94.2,0.276
32.072,84.2,8112.295,94.3,0.664
0.234,90.0,8570.566,94.5,0.011
0.486,94.7,6683.867,94.6,0.019
1.015,84.2,6665.996,94.8,0.041
2.078,90.9,6524.805,95.0,0.091
3.959,90.0,8093.135,95.1,0.091
8.225,90.0,5713.711,95.3,0.175
16.085,90.0,7477.09,95.5,0.279
32.072,94.7,7001.592,95.6,0.624
0.234,90.9,8571.934,95.8,0.014
0.486,94.7,8569.277,96.0,0.014
1.015,94.7,8729.629,96.1,0.04
2.078,94.7,8588.438,96.3,0.053
3.959,89.5,9576.465,96.4,0.082
8.225,94.7,9064.58,96.6,0.147
16.085,95.2,5237.568,96.8,0.326
32.072,94.7,5731.582,96.9,0.711
0.234,94.4,7618.281,97.1,0.016
0.486,90.0,5713.711,97.3,0.013
1.015,90.5,5713.711,97.4,0.045
2.078,95.0,9064.463,97.6,0.054
3.959,89.5,6721.66,97.8,0.112
8.225,94.7,8589.16,97.9,0.155
16.085,90.0,8094.424,98.1,0.342
32.072,95.0,6207.725,98.2,0.571
3.959,84.2,7140.85,98.4,0.104
